181,2,2,59,3,29
271,3,43,244,3,18
631,7,3,242,3,65
811,9,3,212,2,46
991,11,7,197,3,10
1621,18,2,1489,3,937
2251,25,7,2014,7,195
2341,26,7,809,2,423
2521,28,17,2060,3,47
2791,31,53,2214,2,137
2971,33,11,2223,3,29
3061,34,13,2589,3,9
3331,37,3,1177,3,93
4051,45,17,1024,9,23
4231,47,3,2242,2,5
4591,51,11,2776,5,59
4861,54,11,3260,4,341
4951,55,7,1582,3,49
5581,62,19,4528,2,73
5851,65,2,3816,5,68
6121,68,7,2234,2,36
6301,70,17,6030,3,6
6481,72,7,5880,2,17
6571,73,3,155,3,186
6661,74,11,2144,3,37
6841,76,31,4106,4,8
7561,84,13,5087,2,24
7741,86,7,5233,3,93
8101,90,29,3547,2,139
8641,96,17,7644,5,52
8731,97,2,6999,3,541
8821,98,2,4912,2,23
9001,100,7,7453,5,33
9181,102,2,7417,5,235
9631,107,3,3947,3,20
9721,108,7,4264,3,160
9901,110,2,7611,2,338
10531,117,3,2745,3,29
10891,121,2,10420,3,6
11161,124,7,2000,3,402
11701,130,23,8079,2,35
11971,133,79,5031,2,76
12421,138,7,1953,2,63
12601,140,11,980,3,8
12781,142,2,2417,2,13
13411,149,2,9304,3,58
13591,151,3,10243,2,394
13681,152,23,8701,2,21
15031,167,3,7771,4,191
15121,168,11,11389,2,5
15661,174,2,6624,3,102
16111,179,7,3147,3,231
16381,182,2,6303,4,28
16561,184,7,421,2,376
16651,185,2,15194,4,461
16831,187,11,8040,2,10
17191,191,3,2643,7,38
17551,195,3,11147,2,45
18181,202,2,9261,4,70
18451,205,3,844,3,10
18541,206,29,17148,8,167
19081,212,17,3328,2,19
19441,216,13,14381,3,32
19801,220,13,19506,4,62
20071,223,3,17734,3,89
20341,226,2,1665,2,255
20521,228,11,7808,3,14
20611,229,2,10816,2,86
21961,244,17,15069,3,18
22861,254,2,5718,2,70
23041,256,11,10615,6,132
23311,259,3,774,2,100
23581,262,7,10700,3,193
23671,263,3,14186,3,23
24121,268,13,344,3,90
24481,272,11,4290,4,28
24841,276,29,5151,2,24
25111,279,3,22381,4,6
25471,283,31,24485,3,36
25561,284,11,18430,2,297
25741,286,19,5984,2,124
26371,293,3,18502,3,15
26821,298,2,26240,2,643
27091,301,2,23639,2,12
27271,303,17,21602,2,51
27361,304,7,1726,2,406
27541,306,19,10694,2,340
27631,307,7,5765,3,111
27901,310,2,8771,4,77
28351,315,13,20014,2,125
28621,318,13,14391,2,78
28711,319,3,1971,3,8
29611,329,3,19909,3,51
30241,336,11,23228,2,121
30781,342,2,8127,3,59
30871,343,3,16928,6,15
31051,345,11,20057,2,349
31321,348,7,19789,5,47
31771,353,107,16685,7,121
32491,361,2,7819,2,30
32941,366,2,17682,2,258
33211,369,2,18654,4,29
33391,371,13,4188,2,152
33751,375,19,16882,3,183
33931,377,2,30260,2,216
34471,383,13,18512,2,567
34651,385,2,33020,2,449
35281,392,23,16464,2,81
35461,394,7,8187,3,89
35731,397,2,8816,4,238
35911,399,61,9798,5,107
36451,405,7,15681,7,97
36541,406,31,20893,2,172
36721,408,37,23968,3,126
37171,413,3,1580,3,36
37441,416,17,4388,3,97
38971,433,2,7322,2,63
39241,436,7,7161,2,57
39511,439,3,37356,5,13
40231,447,3,29416,4,323
40591,451,13,30133,2,122
40771,453,17,14323,4,204
41131,457,31,20599,2,148
41491,461,13,14024,5,52
41851,465,31,20573,3,1229
41941,466,2,38577,6,49
42571,473,2,19365,2,20
42751,475,7,25777,5,195
42841,476,23,12640,2,48
43201,480,23,9266,3,7
43651,485,2,33699,2,222
44101,490,13,25492,3,55
44281,492,7,28977,2,40
44371,493,2,8113,3,174
45181,502,2,27485,2,117
45541,506,13,24558,5,10
45631,507,29,29897,2,50
46171,513,3,38033,3,114
46441,516,7,28374,3,85
47251,525,19,40492,2,47
47701,530,2,44447,2,8
47791,531,7,29724,6,59
48871,543,3,18202,2,5
49411,549,2,24166,5,82
49681,552,17,5581,5,87
50311,559,3,23966,3,125
50671,563,11,41479,2,35
51031,567,3,19354,2,88
52021,578,2,46900,2,466
53101,590,2,48735,2,88
53281,592,11,27790,2,153
53551,595,3,23546,7,22
54001,600,11,18177,2,70
54181,602,2,40420,5,197
54361,604,7,11675,2,75
54541,606,2,7826,4,55
54631,607,11,25478,5,42
55171,613,17,47122,3,16
55441,616,59,32113,10,130
55621,618,2,29184,2,53
56431,627,3,16679,3,52
56701,630,2,10173,2,69
57241,636,11,44959,6,7
57331,637,2,29939,4,119
57781,642,37,15860,3,81
58231,647,23,52894,6,69
58321,648,11,3887,2,43
58411,649,2,14659,2,85
58771,653,11,5184,2,67
59221,658,2,53471,2,99
59581,662,31,12769,3,77
59671,663,29,35053,5,61
61291,681,3,43310,3,15
61381,682,7,14399,2,202
61471,683,3,35280,3,23
61561,684,7,24334,2,41
62731,697,11,1257,5,21
63361,704,37,40245,3,6
63541,706,2,8011,2,26
64081,712,11,18878,4,230
64171,713,7,38996,11,30
64621,718,11,12769,4,41
65071,723,3,49895,3,168
65521,728,17,28625,2,16
65701,730,19,64159,2,72
65881,732,11,50120,3,46
67141,746,2,55876,2,33
67231,747,3,22509,3,130
68311,759,23,64582,2,116
68491,761,11,9340,2,201
69031,767,3,20331,2,54
69481,772,7,64993,2,40
69661,774,13,12227,3,302
69931,777,3,12579,2,157
70111,779,13,9232,6,18
70201,780,19,45939,2,6
70381,782,29,35521,2,61
71011,789,29,56959,5,189
71191,791,3,1390,2,131
71821,798,2,32853,4,18
72271,803,3,40939,4,11
72901,810,2,27141,2,153
74071,823,19,71318,2,361
74161,824,7,13964,3,208
75511,839,3,69626,5,66
75781,842,11,65379,2,223
76231,847,11,53266,2,16
77491,861,3,12667,2,59
77761,864,11,41099,3,85
78031,867,7,6915,2,64
78121,868,11,27786,2,133
79201,880,13,27684,4,73
79561,884,7,27132,2,77
80191,891,11,20878,4,13
80911,899,3,43963,2,32
81001,900,11,17815,3,12
81181,902,23,63858,2,132
82171,913,2,13243,2,170
82261,914,29,22058,3,262
82351,915,3,65890,6,25
82531,917,3,7173,4,266
82891,921,2,44019,4,48
82981,922,2,82316,2,126
83071,923,23,61922,2,6
83341,926,13,79612,3,58
83431,927,17,68276,4,17
83791,931,3,76087,2,105
84871,943,3,51502,2,27
84961,944,11,57327,2,21
85411,949,2,76921,3,93
86131,957,2,63748,3,95
86491,961,2,44585,3,136
87211,969,13,51537,2,526
87931,977,41,40773,2,71
88471,983,11,27080,3,39
88651,985,3,6939,3,65
88741,986,2,289,3,210
89371,993,2,38002,2,5
89821,998,2,81408,2,116
90001,1000,13,13570,2,255
90271,1003,3,45663,6,117
92251,1025,2,69885,3,58
92431,1027,41,1357,5,24
92791,1031,23,63548,3,41
93241,1036,13,52942,2,43
94321,1048,7,56287,3,7
94951,1055,59,36657,2,21
95311,1059,3,9334,5,22
95401,1060,7,67139,5,79
96211,1069,2,71863,8,40
97021,1078,2,28608,2,71
97381,1082,2,84891,2,27
97651,1085,2,91977,3,70
98011,1089,43,13723,3,115
99181,1102,7,31929,2,847
99901,1110,2,77293,2,62
99991,1111,11,48645,2,44
100621,1118,23,10643,2,14
100981,1122,7,45195,5,18
101161,1124,13,12739,4,12
101611,1129,2,62904,2,22
101701,1130,2,93026,6,17
103141,1146,29,78821,2,134
103591,1151,3,56179,3,48
103951,1155,29,53410,2,119
104491,1161,3,70638,2,169
105031,1167,3,36652,2,143
106291,1181,2,94213,2,150
107101,1190,13,734,7,186
107641,1196,11,102471,4,68
108631,1207,23,59560,2,16
109171,1213,2,25628,2,40
109441,1216,17,83381,4,85
109621,1218,11,8951,2,53
109891,1221,2,84180,6,43
110161,1224,29,63950,2,111
110431,1227,3,35966,3,86
110881,1232,83,93660,2,990
111871,1243,7,18777,7,83
112951,1255,3,4905,2,73
113041,1256,7,1283,4,33
113131,1257,3,82635,2,26
113761,1264,11,20020,3,94
114661,1274,2,92328,2,231
115471,1283,11,14764,4,170
115561,1284,7,33311,4,45
115741,1286,7,92902,5,37
116101,1290,13,93818,3,70
116191,1291,3,74771,6,23
116371,1293,31,36587,3,53
116461,1294,2,30267,4,28
116731,1297,3,22777,2,24
117541,1306,23,106881,2,72
117721,1308,23,25666,2,19
117991,1311,3,6554,3,28
118081,1312,13,13467,2,53
118171,1313,7,14028,4,53
118621,1318,29,73135,4,87
118801,1320,17,67579,3,8
118891,1321,13,104607,2,7
119611,1329,2,7020,2,46
119881,1332,7,94925,5,28
119971,1333,3,36554,3,49
120331,1337,2,111123,3,264
120511,1339,3,71956,2,17
120691,1341,3,58073,4,95
121321,1348,13,98882,3,26
121501,1350,2,3057,2,83
121591,1351,3,56805,3,145
122041,1356,7,121781,3,96
122401,1360,7,114057,2,265
122761,1364,13,42891,6,123
123661,1374,2,82632,2,63
123931,1377,3,16403,2,49
124291,1381,2,112235,2,162
124471,1383,7,56601,3,75
125101,1390,2,64495,4,25
125551,1395,3,28722,5,219
125641,1396,11,26628,3,11
125731,1397,11,102743,2,50
125821,1398,43,37348,3,70
126001,1400,23,121157,2,267
126271,1403,3,50133,6,151
126541,1406,2,108314,5,159
126631,1407,13,389,3,91
127081,1412,7,46794,2,148
128431,1427,7,37301,5,254
128971,1433,2,64520,2,23
129061,1434,17,87341,5,85
130051,1445,3,41771,2,262
130411,1449,2,110559,2,412
130681,1452,7,125184,2,12
131311,1459,3,130357,6,15
131581,1462,13,100181,2,160
131941,1466,2,96686,6,25
132661,1474,23,50537,4,116
132751,1475,3,44017,3,104
133201,1480,11,18176,8,74
133831,1487,3,13017,2,65
134191,1491,3,89492,5,12
135181,1502,2,24884,2,21
135271,1503,11,111237,5,11
135721,1508,7,91888,3,143
136351,1515,3,82391,2,5
136531,1517,2,4141,4,56
136621,1518,2,98390,2,111
136711,1519,11,52191,5,419
137341,1526,43,26343,2,203
137791,1531,3,56322,2,86
138511,1539,7,94921,2,62
139591,1551,3,66392,3,24
139681,1552,7,69135,8,29
139861,1554,11,33413,3,399
140221,1558,17,76693,2,20
140401,1560,11,74191,2,24
140761,1564,7,27519,2,15
141121,1568,11,91520,3,50
141301,1570,2,91297,5,43
141481,1572,11,18397,9,238
141931,1577,2,21706,2,40
142381,1582,2,116213,3,92
143281,1592,13,95642,7,167
144271,1603,37,105057,2,25
144541,1606,2,130733,4,136
145441,1616,11,44029,5,48
145531,1617,7,36530,2,20
146521,1628,23,881,2,598
148411,1649,2,125537,6,81
148861,1654,23,30668,2,78
149491,1661,2,89317,2,180
150211,1669,2,29563,5,270
150301,1670,2,128592,2,62
151381,1682,7,33814,4,73
151561,1684,13,151118,4,510
151651,1685,17,51354,5,84
152461,1694,17,124734,2,341
152641,1696,13,146400,12,97
153001,1700,11,88898,2,13
154081,1712,19,90137,3,286
154351,1715,41,138274,4,362
154981,1722,2,113527,2,19
155161,1724,53,132152,4,61
155251,1725,2,73662,3,282
155521,1728,47,58963,3,17
156061,1734,2,44163,2,145
156151,1735,3,56649,5,65
156421,1738,7,152285,2,80
156511,1739,3,152447,2,42
156601,1740,41,50372,2,31
157051,1745,2,51041,4,54
157141,1746,2,64563,2,80
157231,1747,3,152146,2,237
157321,1748,7,154733,2,167
157411,1749,2,29257,6,29
157771,1753,2,38657,3,10
157951,1755,3,30317,3,111
158581,1762,7,88744,6,114
158761,1764,23,127134,3,90
158941,1766,2,91223,6,19
159571,1773,2,143996,5,73
159931,1777,3,31014,3,43
160651,1785,2,101122,6,229
161281,1792,23,128430,2,310
161461,1794,7,6837,2,85
161911,1799,3,63009,2,5
162091,1801,2,84653,4,26
162451,1805,11,12002,2,67
162901,1810,13,80984,4,39
163171,1813,2,102512,2,54
163351,1815,11,39267,3,453
163981,1822,7,78326,2,44
164071,1823,3,53456,3,99
164251,1825,3,71528,2,148
164701,1830,17,25921,3,149
164881,1832,7,106495,3,336
165331,1837,11,108475,6,43
165511,1839,3,65981,3,250
165601,1840,31,81265,3,28
165961,1844,19,142484,3,9
166861,1854,2,29030,2,320
167221,1858,2,80343,2,48
167311,1859,11,25306,10,21
168211,1869,19,121246,2,79
168481,1872,7,70429,4,9
169111,1879,3,157035,2,199
169831,1887,7,84984,5,47
170101,1890,2,157741,5,257
171091,1901,2,102080,5,262
171271,1903,3,9790,2,270
171541,1906,13,29578,3,26
172171,1913,2,49042,2,209
172351,1915,3,82740,5,41
172441,1916,17,123076,5,23
172801,1920,7,100787,3,49
172981,1922,11,74015,2,15
173431,1927,13,133887,3,13
174061,1934,2,73497,5,61
174241,1936,59,148584,2,190
175141,1946,2,2130,3,49
175411,1949,2,161890,4,13
176041,1956,17,126383,5,78
176221,1958,2,36882,2,26
176401,1960,23,76178,3,779
177211,1969,11,97685,3,23
177481,1972,11,19747,3,26
178021,1978,2,129876,2,211
178561,1984,7,98759,7,43
178831,1987,7,135896,8,65
179281,1992,23,79539,5,21
179461,1994,2,53433,6,22
180001,2000,7,76566,4,27
180181,2002,23,81880,4,258
180361,2004,29,43503,3,118
181081,2012,11,83184,3,104
181711,2019,3,179734,2,167
181981,2022,2,8711,2,117
182431,2027,3,169524,11,101
182701,2030,37,2270,3,52
183151,2035,3,85155,5,44
183691,2041,2,54235,3,116
183871,2043,7,94067,2,156
184231,2047,19,37229,3,108
184321,2048,13,149119,3,111
185401,2060,11,115508,3,6
185491,2061,2,121065,2,15
186211,2069,2,87835,2,54
186841,2076,17,177036,4,111
187111,2079,7,162869,3,33
187471,2083,3,117634,6,96
187651,2085,2,69417,2,15
188011,2089,3,8061,3,219
188911,2099,3,156697,3,109
189361,2104,11,9260,7,10
189901,2110,2,124503,4,362
190261,2114,2,65573,3,141
190891,2121,7,41962,4,176
191071,2123,11,64824,3,38
191161,2124,31,53172,3,202
191341,2126,2,47911,7,95
191791,2131,19,69539,5,6
192601,2140,7,12033,4,61
192961,2144,11,49470,3,86
193051,2145,2,17462,2,7
193951,2155,3,32860,3,171
194581,2162,2,183052,2,39
194671,2163,3,45311,3,166
195121,2168,17,146733,3,98
195751,2175,3,22864,2,23
195931,2177,3,137000,2,312
196111,2179,3,30073,2,20
196291,2181,3,26724,4,50
196561,2184,11,187172,3,23
196831,2187,3,10553,5,409
197101,2190,2,163107,4,8
197551,2195,7,65982,4,394
198811,2209,3,62342,4,27
200341,2226,37,96713,3,39
200971,2233,2,134724,2,21
201961,2244,13,2048,3,528
202591,2251,3,145113,2,14
203761,2264,11,73261,2,28
204301,2270,7,175322,2,109
204931,2277,2,14788,2,46
205201,2280,29,33908,2,247
205651,2285,29,5524,4,8
206191,2291,31,85805,5,169
206461,2294,2,152888,2,102
206821,2298,2,7584,2,255
206911,2299,3,179119,4,13
207541,2306,2,169201,2,122
208441,2316,11,204125,2,34
209071,2323,3,78251,4,161
209431,2327,23,83802,4,83
209701,2330,2,54418,3,68
210421,2338,11,4719,2,125
210961,2344,29,153116,4,35
211051,2345,3,11386,2,71
211231,2347,3,121475,2,22
211501,2350,2,94540,5,152
211681,2352,13,95102,4,17
212131,2357,2,103022,5,163
212671,2363,3,202825,2,190
212851,2365,3,111665,2,38
214021,2378,2,169902,3,385
214381,2382,2,173072,4,148
214741,2386,41,100330,6,84
214831,2387,19,9744,3,105
215461,2394,59,30310,2,70
216451,2405,11,174902,3,76
216901,2410,2,106751,2,50
216991,2411,11,43700,3,67
217081,2412,11,50876,2,68
217351,2415,7,176124,2,30
217981,2422,2,156367,4,8
218521,2428,17,139036,5,160
218611,2429,7,181116,4,33
220411,2449,7,160167,7,151
220681,2452,7,79006,5,34
220771,2453,11,138039,2,204
221311,2459,3,160377,3,21
221401,2460,7,7078,2,337
221671,2463,13,96711,2,6
221941,2466,7,30839,2,17
222841,2476,13,56999,2,241
222931,2477,2,187939,7,39
223291,2481,2,153051,5,64
223831,2487,11,190571,3,136
223921,2488,43,106707,3,40
224011,2489,2,71254,2,42
224101,2490,7,207855,2,83
226531,2517,7,212532,2,151
227611,2529,2,182576,3,23
228061,2534,2,53066,5,71
228601,2540,11,225582,4,151
228961,2544,7,69521,3,11
229321,2548,23,95602,3,80
229591,2551,13,28608,4,235
229681,2552,37,167504,3,204
229771,2553,23,34357,2,18
230311,2559,23,32000,3,20
230761,2564,13,179493,2,60
230941,2566,2,127091,5,55
231031,2567,3,111322,4,1201
231481,2572,7,59264,6,113
231571,2573,3,11725,2,96
231841,2576,19,23525,8,17
232381,2582,2,147701,4,18
232741,2586,2,141813,6,21
233641,2596,17,66943,2,136
233911,2599,13,213022,2,122
234181,2602,2,38592,13,249
234271,2603,11,31492,6,48
234361,2604,11,73507,4,8
234811,2609,2,1884,3,7
235171,2613,2,19118,5,44
235441,2616,11,28997,2,369
236701,2630,2,41717,2,24
237691,2641,2,210437,5,110
238141,2646,11,139471,2,90
238591,2651,3,91948,2,322
239671,2663,29,99710,2,139
240571,2673,11,121510,2,5
241651,2685,11,116753,2,7
241921,2688,17,7884,7,79
242101,2690,7,177828,4,120
242371,2693,2,118067,2,44
242551,2695,11,53635,3,197
242731,2697,2,11819,3,30
242911,2699,3,88861,2,163
244351,2715,3,9619,2,48
244711,2719,61,108371,7,126
245881,2732,17,42421,2,111
246151,2735,3,231604,2,96
246241,2736,11,245725,2,35
246511,2739,19,70720,2,68
247141,2746,7,120089,2,155
247591,2751,11,216196,5,66
247771,2753,3,123163,5,162
248041,2756,7,15035,3,242
248401,2760,7,102038,4,31
248851,2765,2,89786,2,7
249211,2769,3,121533,2,206
251191,2791,3,247044,3,9
252001,2800,11,140066,2,32
252181,2802,7,31822,7,34
252541,2806,2,25060,2,87
253081,2812,7,135455,4,69
253531,2817,2,187761,4,37
253801,2820,13,244029,8,28
254071,2823,3,196842,3,13
254161,2824,11,90440,6,50
254971,2833,2,132247,2,28
255961,2844,37,118609,2,19
256771,2853,2,244884,13,56
257311,2859,3,164128,3,133
257401,2860,29,75075,4,13
257671,2863,13,27056,2,44
259201,2880,19,233392,2,12
260461,2894,2,244569,2,195
261271,2903,29,219950,4,14
261451,2905,7,8000,2,35
262351,2915,3,222936,2,50
262621,2918,11,189857,2,241
263071,2923,3,115888,2,39
263611,2929,2,244490,2,57
263881,2932,11,140969,3,220
264331,2937,7,83071,2,53
264601,2940,11,160581,2,136
264871,2943,3,49653,2,24
264961,2944,41,46389,6,100
265141,2946,13,109680,9,31
265861,2954,13,211038,5,354
266221,2958,19,34956,3,82
266401,2960,13,154982,5,74
266491,2961,2,110227,2,5
266671,2963,13,28254,2,502
267391,2971,3,201648,2,147
267481,2972,13,259443,2,102
267661,2974,2,47809,4,31
268921,2988,19,32303,6,83
269281,2992,7,173340,2,1275
269461,2994,2,262099,4,246
269641,2996,13,100833,5,142
270001,3000,11,38857,9,84
270451,3005,2,180629,4,13
270631,3007,7,263034,6,12
271351,3015,13,736,5,343
271981,3022,2,228916,5,255
272341,3026,7,117615,2,23
272971,3033,2,202797,2,63
273061,3034,2,125056,2,12
275491,3061,13,263847,3,98
275941,3066,17,37951,2,225
277021,3078,2,17807,2,8
278911,3099,3,37775,4,39
279001,3100,13,48028,2,332
279451,3105,2,251448,3,31
279991,3111,19,269834,6,19
280711,3119,3,211862,2,206
281431,3127,13,99865,2,14
281971,3133,2,115935,5,46
282241,3136,13,11034,3,38
282691,3141,43,100803,3,18
283051,3145,23,138221,2,158
283411,3149,2,174613,5,519
283501,3150,2,21904,2,16
283771,3153,2,31800,2,37
284131,3157,11,212536,2,49
284311,3159,3,36620,5,6
285121,3168,41,168557,5,32
285301,3170,17,71550,2,111
285661,3174,11,54459,2,153
286381,3182,2,87050,2,34
286651,3185,7,282863,2,99
286831,3187,19,192429,2,13
287191,3191,3,54388,2,87
287731,3197,13,148124,2,69
288181,3202,17,112897,4,105
288361,3204,7,205094,2,11
288991,3211,3,25178,3,60
289171,3213,2,284214,4,204
290161,3224,67,125703,4,71
290611,3229,2,12829,2,5
290791,3231,7,282725,3,329
291331,3237,43,234328,3,67
291691,3241,2,245710,3,188
292231,3247,11,182218,3,49
293311,3259,17,91319,7,159
293941,3266,11,16614,2,36
294211,3269,13,99199,2,339
295291,3281,2,111689,4,113
295831,3287,3,281322,6,29
296011,3289,2,41568,2,42
296551,3295,3,208776,2,208
297811,3309,3,147523,3,33
298261,3314,11,272941,2,69
299881,3332,29,193833,4,42
300151,3335,61,234730,5,33
300331,3337,3,245864,2,117
300691,3341,43,73938,5,47
300961,3344,7,17538,3,70
301051,3345,7,56028,3,11
301141,3346,2,204659,2,85
301591,3351,17,191516,3,54
301681,3352,11,182891,3,291
302581,3362,7,179652,3,123
302851,3365,2,83952,2,24
302941,3366,37,271778,5,10
304021,3378,23,176772,2,123
304651,3385,3,82886,2,49
304831,3387,3,185579,2,174
305101,3390,7,277561,2,320
305281,3392,13,149783,9,186
305821,3398,7,226277,2,95
306541,3406,2,1999,2,34
306991,3411,11,192263,3,18
307171,3413,2,56998,2,164
307261,3414,2,135733,2,43
307711,3419,3,267508,3,678
307891,3421,23,173107,3,63
308521,3428,7,18665,2,42
309241,3436,17,98742,3,249
309781,3442,2,291569,5,125
310231,3447,3,65247,2,371
312031,3467,3,277321,5,32
312211,3469,11,208159,3,62
312841,3476,29,159908,4,174
313381,3482,2,161620,3,90
313471,3483,3,8762,6,71
313561,3484,11,195694,4,9
313741,3486,2,204248,7,77
315361,3504,11,147083,2,24
315451,3505,3,95181,3,6
315811,3509,2,93857,5,80
316531,3517,2,170409,2,115
316621,3518,2,46681,2,38
316891,3521,2,289141,2,180
317431,3527,7,129857,3,260
317971,3533,2,94177,5,61
318601,3540,23,123585,2,47
318691,3541,3,143837,5,119
319411,3549,2,137,2,38
319591,3551,3,199153,4,57
319681,3552,7,109483,2,162
320041,3556,13,59989,3,99
320401,3560,23,280114,2,55
320941,3566,19,301063,4,104
321031,3567,3,238033,4,29
321301,3570,2,153197,2,33
321661,3574,2,177258,5,457
321751,3575,3,179338,2,43
322921,3588,17,164774,3,131
323101,3590,29,94771,4,21
323371,3593,2,197483,3,37
323641,3596,13,25072,3,17
324361,3604,13,96727,2,124
324451,3605,2,223527,3,246
324901,3610,7,252494,5,23
324991,3611,3,281232,3,272
325081,3612,19,73248,5,207
325891,3621,3,154431,5,6
326251,3625,3,251120,2,295
326611,3629,2,42912,3,1486
326701,3630,13,160906,4,29
327421,3638,2,284003,2,38
327871,3643,3,279336,4,48
328051,3645,2,289720,2,197
328411,3649,3,176489,3,27
328591,3651,7,122686,7,37
329401,3660,11,328449,6,14
329671,3663,3,145948,4,63
329761,3664,7,36047,5,78
331921,3688,19,86058,4,44
332011,3689,7,324663,3,91
332191,3691,3,2504,4,22
332461,3694,2,184420,8,23
332641,3696,19,35353,5,45
333271,3703,7,124666,3,44
333451,3705,67,166383,5,123
333631,3707,7,189897,2,70
334261,3714,13,138466,3,43
334891,3721,2,246179,4,29
335161,3724,11,332000,2,16
336151,3735,29,329499,4,22
336871,3743,3,48821,4,91
336961,3744,29,153911,2,492
337411,3749,7,17859,2,137
337861,3754,2,203385,2,157
338581,3762,7,329553,4,99
338761,3764,7,96347,4,85
338851,3765,2,194068,3,30
339121,3768,11,140921,4,43
339211,3769,2,131511,2,76
339841,3776,7,220323,2,20
340381,3782,2,116378,3,347
341191,3791,13,12145,3,296
341281,3792,7,144132,2,144
341461,3794,19,17086,3,28
341641,3796,7,111171,3,114
341821,3798,31,32075,2,71
341911,3799,17,296682,3,302
342451,3805,2,318055,2,30
343081,3812,37,113042,2,1009
343531,3817,3,52854,2,70
343801,3820,7,68272,5,114
343891,3821,3,135628,5,6
344161,3824,29,106867,4,12
344251,3825,3,249217,2,36
345511,3839,3,338863,3,10
345601,3840,29,113962,2,544
346051,3845,2,9810,3,38
346501,3850,17,189259,5,17
347041,3856,11,145529,2,314
347401,3860,13,88586,3,9
347671,3863,7,75802,4,266
348031,3867,3,26604,5,19
348571,3873,3,140311,3,9
348661,3874,41,121419,5,23
349291,3881,3,21539,2,227
349381,3882,2,19031,2,56
349471,3883,11,202941,4,39
350191,3891,3,118476,2,44
350281,3892,29,336236,2,30
351361,3904,19,247639,3,31
351811,3909,2,70558,2,22
351991,3911,19,16355,3,11
353161,3924,23,25649,3,786
353341,3926,2,255584,6,28
353611,3929,2,257956,5,97
355321,3948,23,351315,4,40
355591,3951,13,50436,2,62
355951,3955,7,149623,2,5
356311,3959,3,239173,3,91
357031,3967,11,272743,2,219
357571,3973,2,92356,5,195
358201,3980,11,119880,2,373
358291,3981,3,114831,2,26
358471,3983,3,252961,3,14
359101,3990,2,242857,2,342
359911,3999,3,131664,3,40
360091,4001,3,34182,2,97
360181,4002,7,171471,5,167
360271,4003,3,284635,4,9
360541,4006,17,91523,5,65
361351,4015,3,31023,2,26
361441,4016,13,324611,2,124
361531,4017,3,132212,2,98
363061,4034,2,171227,4,20
363151,4035,3,279160,2,28
363691,4041,11,133095,5,19
363871,4043,3,213659,3,167
364321,4048,7,143783,3,47
365851,4065,2,358497,4,22
366031,4067,3,345315,2,49
366211,4069,2,157882,5,50
367201,4080,11,255004,2,6
367651,4085,3,48301,4,42
367831,4087,3,219491,5,28
370081,4112,11,315773,2,515
370261,4114,13,7401,2,782
370801,4120,17,213181,3,27
371071,4123,23,213589,3,10
371341,4126,7,134113,4,60
371971,4133,2,59777,5,160
372061,4134,11,193200,2,288
372241,4136,19,336302,2,299
372511,4139,19,286079,2,204
373501,4150,2,96958,4,133
373861,4154,2,243411,2,132
373951,4155,3,297738,4,59
374761,4164,47,352482,6,309
375121,4168,7,230118,6,158
375481,4172,11,348848,5,155
376021,4178,11,215027,5,116
376471,4183,3,175735,2,88
377011,4189,3,340092,3,124
377911,4199,3,198229,5,6
378361,4204,23,91468,4,18
378901,4210,2,237810,5,50
379081,4212,7,310121,5,526
379531,4217,2,14054,3,95
380251,4225,7,48078,6,176
380881,4232,53,59422,4,32
383041,4256,11,8929,2,18
383221,4258,2,176863,2,23
384481,4272,7,306112,6,86
384751,4275,3,193515,4,85
384841,4276,11,153154,5,70
385471,4283,37,157553,2,62
386371,4293,2,254301,4,26
386641,4296,7,92666,2,31
388621,4318,2,53553,2,12
388891,4321,2,99073,6,42
389791,4331,19,129304,3,127
389971,4333,2,62685,6,73
390421,4338,2,267466,3,127
390961,4344,11,327664,2,100
391231,4347,7,349018,5,252
392131,4357,2,54952,2,62
392221,4358,2,48872,7,71
392761,4364,11,64255,2,45
392851,4365,7,151966,12,50
393031,4367,7,105666,5,33
393121,4368,23,48003,5,184
393301,4370,2,212967,2,15
393931,4377,2,112389,5,222
394201,4380,7,234869,4,59
394291,4381,3,51701,2,85
395191,4391,53,246788,4,124
396181,4402,13,113968,2,390
396541,4406,2,98869,2,27
397351,4415,13,305318,3,64
397981,4422,17,216852,4,98
398341,4426,31,47051,2,121
399241,4436,7,202361,5,27
399601,4440,13,4625,2,18
399691,4441,13,325615,3,133
399781,4442,2,9041,2,89
399871,4443,19,195814,5,10
400051,4445,7,34104,2,168
401311,4459,11,258359,3,45
402751,4475,3,124960,4,46
403831,4487,3,311343,3,42
404011,4489,2,21232,4,32
404191,4491,3,356659,2,137
405991,4511,3,185519,2,150
406531,4517,2,257593,3,18
406981,4522,41,403118,3,85
407521,4528,41,385358,2,295
407791,4531,3,398001,2,148
408691,4541,2,38680,4,74
409861,4554,19,176297,4,754
409951,4555,11,402409,2,22
410491,4561,2,30894,2,192
410671,4563,3,333711,3,6
411211,4569,2,212459,5,64
411751,4575,3,274576,3,75
411841,4576,7,177875,3,26
412201,4580,7,124088,4,66
412651,4585,2,109883,2,107
412831,4587,3,208108,2,203
413461,4594,2,406069,2,348
413551,4595,13,274444,7,15
413911,4599,3,386535,2,29
414361,4604,7,185726,2,162
415171,4613,7,257604,2,53
415801,4620,31,262452,2,34
416881,4632,19,205024,2,6
417331,4637,3,207534,2,208
417691,4641,31,15314,4,37
418051,4645,2,326398,4,223
418771,4653,11,238322,2,66
418861,4654,2,61497,2,113
419401,4660,17,84550,2,105
420481,4672,7,304426,2,87
420571,4673,2,153713,2,30
421471,4683,13,420718,5,117
421741,4686,2,349965,2,5
421831,4687,3,51804,2,5
422101,4690,23,59702,3,141
422551,4695,3,49770,3,10
423001,4700,13,73244,9,46
423991,4711,7,340118,4,144
424891,4721,3,31205,4,14
425071,4723,3,415478,2,210
425251,4725,7,330330,2,147
425701,4730,23,173524,4,220
425791,4731,7,132936,2,108
426061,4734,7,295973,2,213
426331,4737,2,107306,2,9
426871,4743,3,254369,5,20
427591,4751,13,70303,3,37
427681,4752,17,46148,5,36
427951,4755,17,293655,5,62
428041,4756,7,403964,2,50
428221,4758,2,348100,2,26
428401,4760,19,357689,3,38
428671,4763,3,50725,3,417
428851,4765,11,281784,2,235
429211,4769,2,259345,2,114
429661,4774,2,333250,4,125
429931,4777,2,383231,2,40
430741,4786,2,66251,3,219
430921,4788,11,92733,3,7
431191,4791,3,112458,2,6
431911,4799,7,247238,4,33
432001,4800,7,228515,2,34
432631,4807,19,125047,2,7
433261,4814,47,70408,2,270
433351,4815,3,53079,4,520
433981,4822,13,292358,2,80
434431,4827,3,86083,2,135
434521,4828,11,370568,2,20
434881,4832,11,184032,4,43
435151,4835,31,39382,2,108
436231,4847,3,181481,2,21
437401,4860,7,137589,2,18
438661,4874,17,54694,6,305
439381,4882,2,188491,2,14
439471,4883,53,112617,3,226
440101,4890,11,256890,3,78
440371,4893,7,376557,2,37
440731,4897,2,310946,5,50
440821,4898,7,67655,3,137
441361,4904,11,55988,2,36
441631,4907,3,92935,4,149
441811,4909,2,248564,2,315
442171,4913,2,31117,3,37
443431,4927,29,334353,2,46
443701,4930,7,220945,2,18
443791,4931,3,134667,2,47
444151,4935,3,81713,2,535
444421,4938,2,260840,5,22
445141,4946,13,441235,2,67
445771,4953,2,423260,2,23
446041,4956,11,308043,2,1528
446221,4958,2,43603,2,5
446401,4960,13,145272,3,36
447481,4972,7,186423,8,55
447571,4973,3,239895,2,107
447841,4976,31,15392,4,81
448111,4979,23,250633,3,112
448561,4984,29,345691,2,42
448741,4986,7,158007,2,102
449011,4989,2,191741,5,458
449821,4998,31,248129,3,41
450001,5000,7,433422,2,103
450361,5004,11,302028,2,292
450451,5005,2,132082,4,188
450811,5009,2,157658,3,45
450991,5011,3,334919,2,228
451441,5016,29,419026,2,334
451621,5018,2,192740,4,680
452161,5024,11,147022,2,10
452521,5028,23,289115,2,204
453421,5038,2,415020,4,126
453601,5040,29,28688,2,266
453961,5044,17,141600,2,19
454141,5046,2,153463,5,56
454231,5047,3,106384,5,29
454501,5050,7,410723,2,71
455401,5060,13,186538,2,93
455491,5061,2,359042,2,171
455761,5064,13,392446,2,45
455941,5066,2,314881,2,21
456571,5073,13,16379,2,69
457021,5078,7,159566,3,23
457201,5080,11,291684,5,74
457381,5082,71,312298,2,15
458191,5091,23,389453,5,27
459091,5101,2,170970,4,86
459271,5103,3,232447,2,114
459631,5107,3,363219,2,42
460081,5112,7,422467,3,59
460171,5113,31,367613,5,94
460531,5117,2,284945,2,49
460711,5119,11,185107,14,156
461521,5128,13,283958,5,76
461971,5133,2,347438,3,33
462421,5138,47,325216,3,138
463231,5147,19,171720,2,180
463321,5148,29,200517,2,62
463501,5150,2,179118,2,138
463861,5154,2,93432,3,20
464131,5157,3,429754,3,20
464311,5159,3,447241,3,287
464941,5166,2,79681,2,181
465841,5176,7,439099,5,10
465931,5177,3,420354,4,12
466651,5185,2,459220,2,26
467101,5190,2,249794,2,65
467371,5193,2,366428,2,413
468001,5200,11,200847,2,72
468451,5205,2,172454,2,24
469351,5215,7,189777,3,281
469801,5220,11,371286,3,789
469891,5221,2,241302,2,45
470161,5224,7,142921,5,321
470251,5225,3,388629,3,296
471061,5234,2,180189,2,5
471241,5236,19,116983,6,17
471781,5242,13,27030,6,123
472051,5245,3,129249,2,60
472411,5249,47,202638,7,139
473311,5259,11,270179,3,1044
473761,5264,19,379489,3,288
474211,5269,3,8327,7,15
474391,5271,7,459344,5,58
474571,5273,2,335154,7,20
474751,5275,7,123374,5,25
474931,5277,2,469214,2,145
475831,5287,11,179489,2,73
475921,5288,29,254845,3,343
477361,5304,23,282788,2,5
477721,5308,7,76568,2,32
477811,5309,2,418924,2,350
477991,5311,3,25607,2,356
478351,5315,3,208328,2,88
478441,5316,17,344944,2,11
478531,5317,2,420200,3,115
478711,5319,3,464754,2,157
478801,5320,29,205033,2,310
479431,5327,3,153068,5,34
479701,5330,2,45689,2,109
479881,5332,7,6060,2,45
479971,5333,2,475093,2,28
481051,5345,7,353483,2,62
481141,5346,2,27525,5,64
481231,5347,7,162444,7,86
481501,5350,2,105327,9,15
481681,5352,11,271633,3,200
481861,5354,23,134333,3,51
482401,5360,7,335007,6,94
482941,5366,19,325123,8,209
483031,5367,3,432589,3,62
483211,5369,7,15614,5,87
483481,5372,23,402,3,35
483751,5375,7,376318,2,111
485371,5393,2,70935,2,88
486091,5401,2,183551,2,58
486181,5402,7,325125,2,160
486721,5408,17,156263,2,1750
486991,5411,13,317424,4,29
487261,5414,2,171040,5,61
487891,5421,2,366319,3,182
488161,5424,19,197467,2,38
488611,5429,7,74801,2,115
488701,5430,7,158547,4,81
488791,5431,7,247504,3,294
489061,5434,17,82670,3,76
489691,5441,11,39577,4,11
489871,5443,29,28512,2,27
489961,5444,19,402651,2,89
490591,5451,3,258407,2,24
490771,5453,13,158443,2,101
490951,5455,37,307499,2,42
491041,5456,7,410476,2,42
493021,5478,43,192961,8,11
493111,5479,13,311713,5,111
493201,5480,13,231788,3,85
494101,5490,97,181134,10,90
494281,5492,11,36401,2,1206
494731,5497,2,228789,3,180
495181,5502,13,135327,5,22
496711,5519,37,50989,5,56
496891,5521,3,201042,3,40
497521,5528,29,226286,2,237
499141,5546,2,221721,2,138
499321,5548,17,278449,3,142
499591,5551,3,492755,2,7
500041,5556,37,391583,8,256
501031,5567,3,41583,2,371
501841,5576,11,3135,3,31
502651,5585,2,37851,2,122
503551,5595,11,340981,5,328
503821,5598,37,402605,3,102
503911,5599,3,109335,2,62
504631,5607,17,409699,3,155
504991,5611,7,339526,3,59
506071,5623,3,496761,2,70
506251,5625,3,348621,3,154
506791,5631,3,418153,5,42
507151,5635,7,76003,6,155
507421,5638,2,219164,2,98
507691,5641,2,164604,3,90
507781,5642,11,384739,5,10
508771,5653,2,146233,3,26
510481,5672,19,488945,2,61
510751,5675,17,149992,5,239
510931,5677,2,402681,2,31
511111,5679,19,422443,3,26
511831,5687,3,325619,3,83
512101,5690,29,203932,2,51
512641,5696,7,431555,2,8
512821,5698,29,123399,3,24
513001,5700,7,291310,2,136
513631,5707,3,439126,6,59
513991,5711,101,247,6,8
514081,5712,53,165464,4,308
514531,5717,2,302568,2,19
514621,5718,2,121607,2,32
514711,5719,13,199451,4,72
515611,5729,43,153017,2,183
516421,5738,2,63937,2,15
517411,5749,2,233085,2,32
517501,5750,2,174441,2,30
517861,5754,13,299727,5,319
518311,5759,3,93126,2,26
519031,5767,23,499266,3,29
519301,5770,7,453379,2,148
519391,5771,13,442433,2,50
519931,5777,11,270482,2,461
520021,5778,2,239113,2,235
520111,5779,7,1898,4,109
520291,5781,3,3900,3,25
520381,5782,2,401278,2,182
521281,5792,7,188608,2,66
521551,5795,7,159520,4,17
521641,5796,37,318461,2,7
522541,5806,11,306946,4,17
522811,5809,2,205118,5,37
523351,5815,3,32740,2,8
523801,5820,7,334810,3,68
524521,5828,43,399639,2,280
524701,5830,2,435074,3,53
525241,5836,7,21750,8,32
525871,5843,13,480166,3,331
526231,5847,3,297839,4,84
526501,5850,2,291644,2,74
526681,5852,29,369966,3,168
527581,5862,2,440554,2,35
527671,5863,7,375834,3,101
527941,5866,11,226599,3,297
529381,5882,2,486371,2,184
529471,5883,3,245317,5,28
529741,5886,19,439925,2,20
530641,5896,61,487660,2,121
530731,5897,3,478616,6,71
530911,5899,3,446229,2,35
531631,5907,7,38050,6,49
531901,5910,17,126199,3,40
532261,5914,2,135792,4,31
532531,5917,2,448589,3,125
532801,5920,19,43611,9,132
532981,5922,13,320405,2,214
533971,5933,2,73885,2,11
534241,5936,13,528879,3,13
534601,5940,47,451737,2,177
535771,5953,2,338129,6,64
535861,5954,2,178886,3,127
536671,5963,3,170857,7,43
537841,5976,11,296860,2,48
538471,5983,13,278251,5,19
538561,5984,29,359695,4,12
538651,5985,3,27691,3,59
539101,5990,7,86175,8,104
539641,5996,13,496117,5,206
540181,6002,2,493723,3,179
540541,6006,19,315512,2,825
540901,6010,2,51353,3,26
541531,6017,7,476971,3,55
542071,6023,3,307365,4,32
542251,6025,13,261744,4,356
542791,6031,3,443123,4,37
543241,6036,17,411792,5,83
543601,6040,47,143942,2,321
543871,6043,23,56654,4,747
544771,6053,3,291222,2,595
544861,6054,17,124065,4,22
546031,6067,3,529216,4,199
546391,6071,29,64441,10,57
546661,6074,13,429354,2,91
546841,6076,19,520135,2,88
547021,6078,11,35524,3,50
548371,6093,3,244453,3,26
549091,6101,7,441230,2,927
550351,6115,7,524548,7,117
550441,6116,7,310544,3,260
550621,6118,13,228602,2,37
550801,6120,19,407654,8,283
552511,6139,3,243966,3,205
553141,6146,2,443274,6,118
553411,6149,2,526138,2,110
553591,6151,11,79357,2,321
553681,6152,11,515005,2,11
555661,6174,2,61480,4,413
555931,6177,3,144052,3,191
556651,6185,2,283682,5,73
556741,6186,2,15594,2,79
557281,6192,11,317960,6,92
557551,6195,3,136843,2,9
558091,6201,2,77334,2,404
558541,6206,2,169476,2,52
558721,6208,13,137860,6,92
559081,6212,7,324038,7,32
561061,6234,2,373448,3,8
561961,6244,31,455295,2,17
562501,6250,17,387052,5,45
563041,6256,13,106014,2,133
563851,6265,2,398605,4,20
564391,6271,3,154247,5,18
565381,6282,2,472866,3,1178
566101,6290,2,351330,2,82
566551,6295,3,90821,2,12
566911,6299,3,418690,5,6
567991,6311,3,253655,3,36
568171,6313,7,532204,4,77
568891,6321,7,75167,2,42
569071,6323,3,433711,3,86
569161,6324,7,476369,3,46
569251,6325,3,58589,5,64
569431,6327,3,107659,4,77
570511,6339,3,90186,3,36
570781,6342,17,129627,4,206
570961,6344,7,75970,2,83
571231,6347,13,543058,3,30
571321,6348,19,60732,6,15
571861,6354,2,137284,4,63
572041,6356,11,422989,2,67
572311,6359,3,16129,3,7
572581,6362,37,126868,3,130
572941,6366,11,122444,3,45
573031,6367,17,538210,2,13
573571,6373,3,424787,2,61
574741,6386,17,208838,2,160
575821,6398,29,360696,5,10
576001,6400,7,418286,5,76
576721,6408,13,515588,3,92
577351,6415,13,218045,3,46
577531,6417,11,35362,3,9
578251,6425,2,22253,2,76
578701,6430,11,261620,4,47
578971,6433,2,224748,2,177
579331,6437,3,533195,2,26
579961,6444,43,471655,3,199
580231,6447,3,202495,3,58
581041,6456,11,431343,5,16
581311,6459,3,278409,2,31
581941,6466,7,346352,3,21
582031,6467,3,138428,2,107
582391,6471,17,66332,3,88
582931,6477,3,287669,2,136
583021,6478,2,528063,2,40
583651,6485,19,54942,2,111
584011,6489,41,417180,2,25
584911,6499,3,52052,5,33
585271,6503,17,215987,3,28
585721,6508,13,430766,2,177
586711,6519,3,528729,6,466
586801,6520,7,422125,3,25
586981,6522,7,411194,3,59
587341,6526,11,120997,3,112
587971,6533,3,483406,3,47
588061,6534,7,468268,2,119
588151,6535,3,556952,4,6
588241,6536,7,379055,4,445
589231,6547,11,579475,2,60
589591,6551,3,581465,2,18
589861,6554,2,350758,2,202
590041,6556,23,373958,2,5
590131,6557,2,162637,2,495
591301,6570,11,250172,3,210
591391,6571,3,365031,2,64
591841,6576,11,9580,2,56
592741,6586,11,43917,5,251
593641,6596,7,503566,2,103
594271,6603,13,494622,5,118
595081,6612,13,196470,6,30
595261,6614,2,73054,3,59
595351,6615,7,285531,7,23
595801,6620,11,404206,6,395
595981,6622,19,84484,2,111
596251,6625,13,66494,2,55
596341,6626,2,49995,3,63
596611,6629,7,108472,2,82
598051,6645,3,556801,2,206
598141,6646,7,343078,2,290
598501,6650,11,163396,11,39
598681,6652,7,535601,5,10
599491,6661,3,219742,3,80
600751,6675,3,258677,3,156
600841,6676,13,464444,2,64
600931,6677,3,74254,2,1045
601021,6678,2,444383,5,264
601201,6680,53,432706,2,9
601651,6685,3,275170,2,83
601831,6687,3,562519,2,203
602461,6694,11,294780,2,73
602551,6695,17,187160,5,10
602821,6698,11,140800,4,35
603091,6701,3,118222,5,86
603541,6706,53,11130,4,191
603901,6710,17,19006,3,661
604441,6716,7,267359,2,26
604711,6719,3,105573,4,212
604801,6720,11,84670,3,223
605071,6723,53,360167,3,29
606241,6736,7,307049,4,529
606961,6744,23,445471,6,12
607681,6752,23,573780,2,184
607951,6755,3,512497,2,744
608131,6757,2,301185,5,190
608401,6760,7,45128,2,16
609391,6771,3,119935,2,26
609571,6773,2,192537,2,8
610741,6786,2,99955,2,72
611011,6789,3,76426,6,14
611641,6796,11,73730,2,43
612181,6802,2,155230,5,19
612811,6809,2,457602,2,9
613981,6822,2,319456,5,64
614611,6829,2,79290,3,4
614701,6830,47,567321,9,44
614881,6832,13,559877,2,39
616141,6846,17,189372,2,60
616321,6848,7,427703,3,337
616951,6855,3,112660,2,196
617131,6857,3,384968,5,37
617761,6864,19,314459,2,5
618031,6867,13,515272,2,287
618301,6870,7,473940,3,16
618841,6876,13,254241,2,45
619111,6879,3,176544,9,21
619471,6883,13,416756,2,102
619561,6884,13,390212,2,60
619741,6886,2,16822,3,106
619831,6887,11,397824,2,25
619921,6888,37,65027,6,21
620461,6894,31,9273,3,137
620821,6898,2,95165,2,64
620911,6899,3,476488,4,22
621451,6905,31,117121,5,46
621541,6906,2,234584,2,44
621631,6907,41,220416,5,60
621721,6908,17,86085,3,13
623341,6926,2,208475,2,52
623431,6927,37,575246,3,508
623881,6932,7,428429,7,10
624331,6937,13,88383,3,16
624961,6944,11,483095,3,30
625231,6947,3,223564,2,96
625861,6954,2,473495,4,33
626761,6964,17,355216,5,67
627301,6970,2,169137,4,63
627391,6971,7,105956,4,243
627481,6972,11,237366,2,9
627661,6974,43,376018,3,268
627841,6976,23,566075,3,18
628651,6985,3,209094,4,216
628921,6988,7,53227,2,72
629011,6989,3,551586,3,197
629281,6992,37,450448,2,11
629371,6993,2,563874,6,55
630451,7005,3,64878,5,6
630901,7010,11,138213,3,6
631171,7013,3,145094,2,36
631531,7017,3,228891,2,678
631711,7019,11,555860,3,32
632521,7028,11,547240,7,152
632881,7032,11,423986,5,42
632971,7033,11,552310,5,166
633781,7042,2,217381,3,111
633961,7044,17,521629,4,12
634861,7054,2,368648,2,24
636211,7069,2,6363,2,70
636301,7070,19,83636,3,30
636931,7077,2,62079,2,29
637201,7080,13,399995,2,14
637471,7083,3,167013,3,72
637831,7087,3,135947,2,304
639091,7101,2,39631,5,80
639181,7102,19,410737,2,76
639361,7104,11,312896,2,49
639451,7105,2,40011,6,271
639631,7107,11,197941,2,54
640531,7117,2,518890,3,986
640621,7118,31,139920,7,201
641791,7131,19,534222,5,42
642151,7135,3,536123,2,7
642241,7136,11,30409,2,69
643231,7147,7,571249,7,8
643681,7152,17,81390,2,247
644401,7160,11,221261,2,112
644671,7163,11,267429,3,146
645481,7172,19,108297,3,54
645661,7174,23,35209,3,43
646831,7187,3,179943,3,82
647011,7189,7,612032,2,15
647551,7195,3,459924,2,215
647641,7196,43,520401,4,22
648181,7202,2,592790,2,148
648631,7207,7,467626,5,66
649081,7212,19,391393,5,706
649801,7220,7,244890,6,30
649981,7222,19,302041,2,195
650071,7223,7,500012,4,262
650971,7233,3,161307,4,880
652591,7251,7,525040,3,232
653761,7264,7,307900,4,37
653941,7266,2,634277,2,12
654571,7273,2,282380,3,158
654931,7277,7,3764,2,116
655111,7279,13,165338,2,40
655471,7283,19,213488,4,38
655561,7284,17,231710,2,50
655651,7285,2,373255,2,53
656371,7293,2,535610,3,189
657091,7301,3,222513,2,35
657361,7304,7,620304,2,511
658261,7314,2,323261,3,214
658351,7315,7,490258,7,199
659521,7328,17,608429,2,222
659881,7332,7,153723,2,44
660061,7334,7,307512,3,28
660241,7336,19,426560,3,59
660601,7340,13,217913,2,163
661951,7355,11,158332,3,30
662401,7360,7,335580,2,21
662671,7363,11,556697,6,156
662941,7366,13,75261,3,7
663661,7374,2,139023,4,42
664381,7382,2,156653,2,222
664471,7383,11,93004,2,27
664561,7384,11,63425,2,19
666811,7409,2,358418,2,37
666901,7410,31,10173,2,68
667081,7412,19,168171,3,62
667171,7413,3,583015,5,208
667351,7415,3,228773,2,8
667441,7416,7,326020,13,544
668611,7429,2,433100,4,20
668791,7431,3,409796,3,13
671581,7462,2,315175,2,842
671941,7466,23,581107,5,23
673201,7480,23,85582,2,229
673291,7481,2,578084,4,143
673921,7488,7,267867,7,307
674371,7493,3,107751,3,189
674551,7495,11,406463,2,41
674731,7497,13,290073,2,62
675271,7503,3,489865,5,139
675541,7506,2,149399,2,171
676171,7513,3,467719,2,53
676891,7521,2,176958,4,378
676981,7522,11,646364,2,41
677791,7531,7,182151,3,333
678421,7538,11,222935,3,755
679051,7545,2,254456,3,48
679501,7550,2,548873,2,248
679681,7552,11,223141,6,60
679951,7555,3,251480,4,43
681841,7576,11,624444,3,18
682291,7581,2,45170,4,148
682471,7583,3,634183,2,50
683821,7598,7,545312,4,224
684091,7601,7,160832,5,119
684451,7605,3,381810,2,109
685081,7612,7,460600,4,78
685621,7618,2,22116,2,67
686611,7629,7,13277,4,133
686971,7633,2,116227,2,27
687151,7635,23,245402,3,149
687331,7637,7,222383,2,63
687691,7641,3,284454,4,91
688861,7654,11,473776,6,316
688951,7655,19,98286,3,118
689131,7657,2,334326,2,14
689761,7664,11,254352,3,203
690661,7674,7,261059,3,218
691111,7679,11,394704,3,106
691381,7682,2,555639,2,276
691651,7685,2,434984,2,14
691921,7688,29,99958,2,66
692191,7691,11,152504,2,124
692281,7692,11,338909,2,46
692371,7693,2,420168,2,32
692641,7696,17,328224,2,275
692821,7698,2,643387,2,36
694081,7712,7,425783,5,28
694261,7714,2,307251,5,65
695791,7731,19,179134,6,154
695881,7732,11,382302,7,167
696061,7734,2,162476,6,21
696961,7744,7,78820,2,85
697591,7751,67,111101,2,12
697681,7752,23,491722,4,143
697951,7755,7,481192,2,35
698311,7759,11,163646,5,90
699211,7769,2,629610,3,70
699571,7773,3,613148,2,15
700201,7780,7,241751,2,27
700471,7783,3,610931,4,29
700561,7784,43,268505,5,81
700831,7787,3,404566,4,11
701731,7797,23,648594,5,47
702721,7808,7,515365,2,28
702991,7811,3,61336,4,489
703081,7812,13,304473,3,50
703441,7816,29,158043,3,156
703981,7822,7,237730,2,49
704161,7824,19,90036,3,71
704251,7825,2,574807,2,18
704521,7828,17,441544,2,74
705421,7838,2,598250,4,37
705781,7842,2,2301,2,120
706051,7845,11,24545,3,157
706141,7846,2,662469,3,51
707131,7857,47,160298,3,21
708481,7872,29,96236,2,58
709201,7880,7,272811,7,77
709381,7882,2,429789,2,118
709741,7886,13,503803,3,41
709831,7887,3,322644,2,79
710911,7899,3,694603,6,17
711001,7900,13,592977,2,212
711811,7909,2,326823,2,122
712171,7913,17,432244,2,60
712531,7917,7,403893,3,50
712891,7921,2,377136,3,328
712981,7922,2,25114,2,29
714061,7934,2,3945,7,8
714151,7935,11,144688,8,70
714691,7941,2,623765,7,26
714781,7942,2,510315,2,70
716581,7962,7,194257,2,56
716671,7963,3,525152,2,57
719101,7990,2,331151,2,9
719821,7998,2,171618,2,78
719911,7999,3,527268,2,136
720091,8001,2,156391,5,54
720901,8010,7,515694,2,68
720991,8011,3,330020,2,26
721261,8014,2,122439,3,6
721621,8018,11,484996,3,12
721891,8021,3,519167,3,50
722341,8026,43,591607,2,49
722431,8027,23,451180,5,59
722521,8028,13,22254,7,160
723421,8038,11,377636,7,25
726391,8071,3,579001,2,16
726841,8076,17,443198,3,106
727021,8078,2,570975,4,39
727201,8080,7,461027,2,65
727471,8083,31,653959,3,243
727561,8084,19,518363,4,26
728191,8091,3,353296,2,162
728281,8092,43,544259,7,28
728551,8095,3,538852,3,83
728731,8097,3,247747,5,146
728911,8099,23,347380,5,50
729451,8105,3,8428,3,56
729991,8111,11,728955,2,96
731251,8125,2,12051,5,619
731881,8132,7,211477,2,117
732331,8137,47,49749,4,134
732601,8140,17,80296,2,68
733321,8148,11,605710,9,410
733591,8151,31,324754,3,20
734131,8157,2,299005,5,35
734401,8160,7,594965,4,107
735211,8169,11,711081,2,857
736111,8179,17,633003,5,63
736471,8183,3,456087,5,92
736921,8188,17,98961,5,15
740161,8224,13,737871,5,138
740521,8228,7,441451,4,301
741061,8234,11,362179,2,160
742681,8252,41,394385,4,893
743131,8257,11,240430,9,299
743221,8258,2,560444,2,69
743671,8263,3,124174,2,539
743851,8265,3,114390,7,217
744301,8270,7,460156,2,101
744661,8274,47,150311,2,428
745471,8283,19,442895,6,27
746191,8291,3,343400,3,167
746371,8293,29,462028,2,754
747361,8304,7,601610,6,52
747451,8305,11,513582,2,8
747811,8309,2,302619,3,18
747991,8311,3,158226,4,298
748441,8316,13,309335,6,8
748711,8319,13,187350,6,12
748981,8322,11,461264,2,112
749431,8327,17,674859,7,8
749701,8330,2,660528,2,17
750151,8335,3,603135,2,1472
750961,8344,17,113643,4,32
751141,8346,7,539080,2,70
751321,8348,11,543168,4,47
751411,8349,2,6781,2,52
753751,8375,3,605760,2,147
754381,8382,2,146865,7,11
756541,8406,2,116496,2,386
757171,8413,2,61660,2,123
758071,8423,13,572994,2,29
758431,8427,3,563927,2,1214
758521,8428,19,280928,3,271
758971,8433,3,574818,3,6
759691,8441,2,52075,2,259
759961,8444,13,617282,5,29
760141,8446,11,159754,2,24
760231,8447,3,300004,4,41
760321,8448,73,324471,2,189
760951,8455,7,338142,3,6
762031,8467,7,226677,2,317
762121,8468,7,367137,6,59
762211,8469,2,340018,2,32
762571,8473,19,434893,3,349
763111,8479,3,56907,2,81
763201,8480,11,276906,9,712
763381,8482,2,443324,4,124
764011,8489,2,288018,2,133
764551,8495,3,739865,2,284
765181,8502,23,326868,3,14
766261,8514,2,436213,2,210
766891,8521,2,176862,6,18
767071,8523,3,677148,3,73
767161,8524,23,579505,12,67
767881,8532,31,691720,4,327
768241,8536,7,367949,4,124
769231,8547,11,276644,2,44
769411,8549,3,239529,2,112
770311,8559,3,111539,5,185
770401,8560,13,509384,2,144
770761,8564,7,549298,3,44
771031,8567,7,721596,2,39
771481,8572,11,37231,2,94
772381,8582,2,268173,3,8
774181,8602,2,693936,4,226
774541,8606,37,462017,2,156
774811,8609,2,729219,5,284
774901,8610,2,609234,5,71
775441,8616,11,71898,2,19
775711,8619,3,236342,2,88
776521,8628,13,776127,3,35
777241,8636,7,294400,2,28
777421,8638,29,628837,3,79
777781,8642,2,337883,5,50
777871,8643,31,457493,2,51
778681,8652,13,262063,2,68
778951,8655,17,15244,2,27
779221,8658,2,106556,3,69
779761,8664,7,79352,2,99
780211,8669,2,139898,5,170
780841,8676,7,528746,2,66
780931,8677,2,189585,3,10
781021,8678,17,283269,4,54
781111,8679,3,579155,7,94
782011,8689,2,60205,5,60
782191,8691,3,754522,5,6
782461,8694,19,664780,4,21
782641,8696,7,98052,8,20
782911,8699,17,659402,2,5
783361,8704,41,458480,3,20
783721,8708,37,581304,3,59
784081,8712,17,712798,5,126
784171,8713,2,708836,3,213
785341,8726,11,669981,2,28
786061,8734,2,227547,4,292
786691,8741,3,606049,2,31
787051,8745,2,264550,4,143
787771,8753,2,488229,2,339
788041,8756,23,591291,2,61
788761,8764,11,88431,2,5
789121,8768,13,518656,2,142
789391,8771,3,587242,3,21
789571,8773,29,54391,5,203
790021,8778,17,302925,2,43
790291,8781,29,519234,2,121
790831,8787,13,652134,3,6
791191,8791,3,756063,3,210
792991,8811,19,145948,5,22
793621,8818,17,775018,2,105
794341,8826,2,655151,2,22
795601,8840,19,392025,4,109
795871,8843,3,556226,5,37
796141,8846,17,549005,5,61
796591,8851,3,176700,5,112
796951,8855,3,438476,2,61
797131,8857,2,212476,4,182
797311,8859,3,344451,3,1008
797851,8865,17,169862,2,30
798121,8868,17,279850,2,20
798481,8872,41,89556,4,18
799021,8878,13,30470,3,177
799651,8885,13,367539,3,21
799741,8886,2,756357,3,33
799921,8888,7,681945,5,90
800281,8892,29,245261,2,57
800731,8897,3,638658,3,44
801001,8900,13,428684,4,148
801631,8907,31,507481,5,103
801811,8909,3,326679,5,12
802441,8916,7,627176,7,30
802531,8917,2,715082,2,36
803611,8929,2,309607,4,57
804511,8939,11,569809,3,86
806041,8956,13,411248,2,360
806581,8962,2,788044,2,190
806671,8963,61,526128,3,39
806941,8966,2,6146,2,5
807571,8973,17,214704,3,215
807931,8977,3,269635,2,22
808021,8978,13,316619,2,844
808111,8979,29,266523,3,257
808651,8985,2,119948,4,47
809821,8998,2,58255,8,10
810091,9001,3,669794,4,213
810361,9004,7,234489,4,78
810541,9006,2,78531,3,65
811081,9012,11,268419,4,17
811171,9013,2,35759,3,6
811351,9015,3,583835,2,57
811981,9022,2,214342,4,77
812431,9027,7,701682,4,43
813061,9034,29,768544,2,119
813511,9039,3,86099,9,138
813601,9040,11,501367,3,78
813871,9043,3,265228,2,20
813961,9044,13,249671,2,31
814501,9050,11,101643,8,51
814771,9053,2,392833,2,102
815401,9060,13,311754,5,8
815491,9061,2,766001,4,82
815671,9063,3,547078,4,15
816121,9068,7,391496,4,14
817111,9079,7,149477,3,22
817291,9081,2,768756,3,1036
817561,9084,7,374547,5,145
818011,9089,17,184867,3,71
818101,9090,13,497692,3,21
818281,9092,19,578535,2,71
818371,9093,3,655324,2,296
818821,9098,7,10260,2,474
819811,9109,11,693287,5,141
820441,9116,7,810659,2,48
823051,9145,2,412666,2,18
823231,9147,3,508862,3,41
824671,9163,3,280468,2,18
825301,9170,2,588643,3,64
825661,9174,2,100416,2,47
826201,9180,7,554425,2,29
826381,9182,11,752604,2,80
826921,9188,17,727580,3,111
827821,9198,13,686298,4,8
828361,9204,47,743912,5,60
828721,9208,7,253483,3,62
828811,9209,3,46262,2,25
830341,9226,13,293962,3,613
832141,9246,2,526322,2,119
832591,9251,7,76073,5,79
832681,9252,13,783865,4,19
832861,9254,2,779832,7,230
834571,9273,2,17984,2,64
837271,9303,3,692552,4,103
837451,9305,2,169128,3,4
838351,9315,3,494872,3,51
838441,9316,31,73409,2,64
838711,9319,3,5333,5,14
839611,9329,13,500558,2,81
840061,9334,2,20457,2,8
840331,9337,3,449265,3,37
840601,9340,7,323048,3,913
841231,9347,23,766837,5,357
842581,9362,2,543310,3,15
843211,9369,2,476399,5,120
844201,9380,13,644526,3,29
844651,9385,2,245572,2,35
846361,9404,7,286308,2,106
848251,9425,2,555558,2,45
848611,9429,3,126393,2,60
848791,9431,3,98371,4,98
849061,9434,7,602166,3,48
849241,9436,11,845344,2,50
849601,9440,31,362626,2,83
850951,9455,31,91853,2,51
851041,9456,67,430976,3,32
851131,9457,2,93206,2,69
851401,9460,7,191494,7,921
851491,9461,2,520304,5,126
851761,9464,29,797596,3,77
852031,9467,3,628029,11,62
852121,9468,23,194638,3,472
852211,9469,3,370394,4,8
852301,9470,2,312524,2,629
852391,9471,3,715248,6,176
852751,9475,3,612391,2,161
855721,9508,37,616088,5,82
856081,9512,13,549291,3,32
856351,9515,31,572221,7,145
857161,9524,13,633903,3,6
857341,9526,2,762499,2,403
857431,9527,3,405318,2,78
858241,9536,7,617718,5,97
858691,9541,2,616710,2,40
858961,9544,29,848729,2,28
859051,9545,2,853716,2,83
859681,9552,23,548635,3,136
860311,9559,37,353422,3,454
861121,9568,11,527282,2,92
861391,9571,3,407764,5,6
862471,9583,31,6927,3,28
862651,9585,11,705191,4,306
862921,9588,7,573754,3,29
863641,9596,17,74627,4,41
864091,9601,2,848673,2,227
864361,9604,23,130122,2,23
864541,9606,17,263900,4,451
864631,9607,3,776968,2,208
864811,9609,2,55903,4,47
865261,9614,13,761333,3,248
865801,9620,11,711542,5,138
866431,9627,3,518619,3,31
867511,9639,19,862411,4,134
867781,9642,2,749644,2,150
867871,9643,11,512381,5,12
868051,9645,2,824990,4,35
868951,9655,3,672362,3,1251
870211,9669,19,761380,3,53
870931,9677,43,382255,2,169
872731,9697,3,258489,4,65
873091,9701,17,756422,2,31
873541,9706,31,674676,2,402
873721,9708,11,113832,4,19
873991,9711,31,712192,6,125
874351,9715,3,361660,3,78
874711,9719,3,119901,3,42
874891,9721,2,523129,2,134
875341,9726,2,752940,3,60
875521,9728,29,686544,4,108
875701,9730,17,231441,2,12
876331,9737,3,524914,3,206
876871,9743,7,154441,2,87
877411,9749,2,219703,5,50
878041,9756,19,136698,2,129
878851,9765,3,744533,3,308
879391,9771,7,134103,2,17
879661,9774,2,21322,2,100
880021,9778,2,451670,2,67
882451,9805,13,149125,4,26
882631,9807,47,381691,4,1178
883621,9818,11,306,8,23
884251,9825,2,428664,5,64
884341,9826,2,394724,2,36
884881,9832,19,795793,2,158
885061,9834,17,727961,4,68
885961,9844,7,698330,2,13
886591,9851,3,44407,2,5
887311,9859,3,572172,4,208
887401,9860,41,154580,2,8
887581,9862,13,227388,5,155
888751,9875,23,743667,4,193
888931,9877,7,126624,6,36
889921,9888,61,271784,9,103
890011,9889,23,80190,2,115
890371,9893,2,93785,6,117
890551,9895,31,644428,3,43
891001,9900,7,20466,5,63
891091,9901,2,750932,9,97
891991,9911,59,14086,2,18
892261,9914,7,771139,2,26
892531,9917,2,385479,3,432
893521,9928,11,62669,2,52
893701,9930,2,332914,2,26
894151,9935,3,37527,5,69
894511,9939,17,738352,3,101
894871,9943,3,758199,6,21
895861,9954,2,278542,2,36
897301,9970,7,230679,2,259
897931,9977,13,807022,4,12
898561,9984,7,326674,7,79
898921,9988,17,343784,8,54
900001,10000,23,596402,2,37
901441,10016,11,63667,2,40
901891,10021,2,126887,3,94
902521,10028,19,294144,6,60
902611,10029,2,115640,9,97
902971,10033,2,429777,3,43
903691,10041,2,175173,3,364
903781,10042,2,620128,3,29
903871,10043,3,754138,2,193
904861,10054,2,582224,5,217
905491,10061,2,86407,4,37
905581,10062,2,819267,4,17
906121,10068,31,683315,2,18
906481,10072,17,431295,2,192
906751,10075,3,342833,5,7
907021,10078,2,394789,3,4
907111,10079,7,778713,3,56
907651,10085,3,652031,3,194
908101,10090,2,657342,2,108
908731,10097,3,485089,4,30
909091,10101,7,847633,6,19
909901,10110,2,262221,2,386
910171,10113,3,292314,2,135
910621,10118,29,574569,3,27
910711,10119,3,555456,2,57
911341,10126,13,271275,5,333
912061,10134,7,479798,2,97
912871,10143,7,461752,4,215
913771,10153,2,503628,2,30
914041,10156,11,592928,3,15
914131,10157,3,91994,2,26
914491,10161,13,413095,2,134
914581,10162,11,201323,2,123
914941,10166,19,275893,2,159
915301,10170,2,208543,3,109
915391,10171,19,97336,3,150
916291,10181,2,381510,3,56
916561,10184,11,396598,2,38
916831,10187,13,48243,6,37
917281,10192,29,615497,4,40
917461,10194,2,472206,2,124
917641,10196,11,439408,2,10
919081,10212,31,549203,5,20
919351,10215,11,337888,3,112
919621,10218,17,297754,2,183
920701,10230,2,459182,3,111
921241,10236,11,236750,4,36
921331,10237,2,851421,3,391
921871,10243,3,692172,3,181
922861,10254,61,957,4,14
923311,10259,7,439287,4,29
923851,10265,2,42820,4,33
924751,10275,7,675024,2,15
924841,10276,13,789851,5,34
925291,10281,3,282971,2,139
925741,10286,2,91595,3,169
925921,10288,23,619481,4,69
927001,10300,19,861072,2,28
927361,10304,31,119978,2,61
927631,10307,11,403626,4,23
928351,10315,13,911910,3,161
928621,10318,13,846735,6,125
929161,10324,37,676450,2,618
929251,10325,2,812846,2,94
929791,10331,3,785908,2,54
932131,10357,3,912410,3,26
932761,10364,17,720592,4,91
932941,10366,19,501898,3,8
933301,10370,2,357503,2,9
933931,10377,2,236240,2,5
934111,10379,3,619296,3,135
934291,10381,2,287980,2,12
934831,10387,3,258833,5,227
935461,10394,19,279694,5,19
936181,10402,2,932932,3,333
936361,10404,7,370895,3,82
936451,10405,2,516135,2,22
936811,10409,3,444634,3,301
937171,10413,3,358594,5,303
937351,10415,67,318212,3,13
937891,10421,2,188023,2,8
938071,10423,7,859328,3,15
938341,10426,2,519941,2,22
939061,10434,23,82151,4,361
940501,10450,17,157049,2,13
941041,10456,7,584428,2,247
941131,10457,2,347072,2,99
941221,10458,11,92470,2,118
942031,10467,3,665035,3,72
942661,10474,2,252926,2,220
943741,10486,2,591433,2,65
944191,10491,19,208037,3,45
944821,10498,2,441103,2,88
946081,10512,19,685761,4,520
946801,10520,13,657362,3,6
947431,10527,11,815630,3,28
948331,10537,2,787351,9,90
949951,10555,3,762686,2,45
950041,10556,31,87084,2,112
950221,10558,7,746003,3,44
950401,10560,19,368241,2,84
950671,10563,3,79881,2,9
951571,10573,2,567333,3,35
952381,10582,17,429320,2,209
952741,10586,2,174573,2,55
953191,10591,7,17492,2,69
953551,10595,3,110529,3,79
953731,10597,2,407309,2,15
954001,10600,23,467857,4,40
954181,10602,11,621008,7,49
954991,10611,3,859163,5,7
955261,10614,7,241432,2,16
955441,10616,23,54606,4,57
955711,10619,11,230641,3,19
955891,10621,2,541412,2,107
956341,10626,59,883684,2,358
956521,10628,7,159291,3,93
956881,10632,37,262954,2,49
957241,10636,7,946294,2,106
957331,10637,2,583053,3,87
957871,10643,31,938964,10,182
958141,10646,2,783062,2,102
958501,10650,13,169354,3,33
959131,10657,2,559691,3,7
960031,10667,3,291645,2,73
960121,10668,11,474804,3,81
961021,10678,11,248673,2,15
962011,10689,3,343079,7,141
962461,10694,2,244909,2,21
963901,10710,2,333069,2,195
964081,10712,7,126757,3,47
964261,10714,31,519718,4,242
964351,10715,3,666898,3,21
964531,10717,23,558953,2,138
964981,10722,31,922648,8,39
965611,10729,11,497356,2,80
965791,10731,71,313733,3,23
966241,10736,23,465792,3,90
966781,10742,31,461979,3,6
966871,10743,37,227460,5,31
966961,10744,11,719075,3,78
967321,10748,7,594920,3,63
967501,10750,7,464398,2,5
967951,10755,17,912871,3,9
968041,10756,29,811619,2,29
968761,10764,7,781949,5,42
969301,10770,2,280396,2,41
970111,10779,3,402907,2,16
970201,10780,13,65865,2,52
971281,10792,47,295837,5,58
971371,10793,2,599787,4,68
971821,10798,59,536419,4,560
972001,10800,23,207155,4,110
972901,10810,7,932990,3,262
972991,10811,3,21937,3,54
973801,10820,7,416869,4,347
973891,10821,2,368199,2,355
974161,10824,31,398627,4,23
974971,10833,2,110465,6,26
975151,10835,7,4103,2,61
975421,10838,2,321926,2,18
975691,10841,2,421201,6,55
976231,10847,11,199295,3,6
976411,10849,3,485019,3,25
976501,10850,2,287141,4,188
976951,10855,3,930831,3,67
977671,10863,3,482700,2,24
977761,10864,13,243653,2,448
978031,10867,3,496308,2,13
978931,10877,2,374163,3,34
979201,10880,7,354172,3,27
979291,10881,17,523323,2,180
979651,10885,2,176487,5,33
979831,10887,13,907428,3,74
979921,10888,13,954633,4,107
980641,10896,19,583416,3,131
981451,10905,11,367660,3,38
981811,10909,2,961816,4,13
982171,10913,2,582356,2,161
982351,10915,3,198179,2,566
982801,10920,17,626669,5,23
983431,10927,31,840908,2,188
983701,10930,7,138964,4,38
983791,10931,3,399316,3,67
983881,10932,7,341029,4,21
984421,10938,19,750328,3,234
985951,10955,43,727718,2,11
986581,10962,23,450389,4,39
986941,10966,13,180772,2,156
987211,10969,2,859829,5,13
987391,10971,3,944451,2,49
988021,10978,13,122014,4,590
988111,10979,13,790718,4,73
988651,10985,2,260444,4,31
989011,10989,3,970531,6,43
989641,10996,23,441401,3,26
990001,11000,7,35266,2,91
990181,11002,2,914054,2,48
991171,11013,2,652917,3,18
991531,11017,2,366861,2,180
991981,11022,17,254412,2,92
992701,11030,2,430208,3,4
993241,11036,11,325346,4,52
994051,11045,11,923385,5,11
994141,11046,29,110488,4,33
994321,11048,19,35138,2,25
994501,11050,2,875930,7,162
995941,11066,2,853302,4,186
996211,11069,2,200779,6,27
996301,11070,23,186370,3,4
997021,11078,17,186866,2,164
997111,11079,11,384148,2,241
997201,11080,11,58109,4,195
997741,11086,2,243416,2,23
998551,11095,7,721477,2,151
999091,11101,2,345600,5,60
999541,11106,2,253355,4,14
999631,11107,17,206636,3,29
999721,11108,11,996708,2,26
1000621,11118,11,501756,2,44
1000981,11122,13,372762,2,60
1002151,11135,3,885935,3,217
1002241,11136,17,640219,2,13
1002511,11139,3,842555,5,6
1002871,11143,3,169682,3,9
1003141,11146,7,817534,3,116
1003411,11149,2,943787,2,11
1003771,11153,3,277986,4,72
1004401,11160,11,795236,2,213
1004761,11164,19,173297,4,101
1005391,11171,7,83929,2,23
1005481,11172,31,129644,4,107
1006021,11178,2,1004692,4,88
1006471,11183,3,715934,2,236
1006651,11185,3,236278,2,120
1007731,11197,17,653135,3,34
1008001,11200,13,443560,2,109
1008181,11202,2,395098,5,148
1008451,11205,3,68626,2,157
1008541,11206,2,214155,2,35
1008991,11211,3,372075,2,328
1009531,11217,3,865808,3,277
1009621,11218,29,736724,2,51
1010431,11227,13,164483,5,527
1010791,11231,17,201423,5,207
1010881,11232,41,353479,4,12
1011331,11237,2,708270,2,188
1011601,11240,23,524620,2,204
1011961,11244,7,128714,2,322
1012771,11253,2,1007859,7,68
1013041,11256,41,620621,2,129
1013401,11260,17,359519,2,12
1013581,11262,2,608575,11,138
1013671,11263,3,612653,5,17
1013851,11265,2,415226,2,60
1014301,11270,13,121227,4,99
1015471,11283,3,940374,4,71
1015561,11284,43,914235,3,119
1016011,11289,3,473723,3,59
1016371,11293,19,93947,2,58
1016641,11296,7,586379,3,45
1016731,11297,2,226402,2,123
1017361,11304,13,405130,2,100
1018711,11319,3,316709,6,100
1018981,11322,7,152384,3,20
1019251,11325,3,22522,2,162
1019701,11330,2,116258,4,43
1019971,11333,3,603639,3,43
1021861,11354,2,384519,2,64
1023301,11370,19,165798,2,201
1023391,11371,3,982935,4,94
1023571,11373,2,772573,2,108
1023751,11375,3,1021263,3,49
1024021,11378,2,933594,2,37
1025281,11392,7,33298,2,121
1025551,11395,3,1020648,2,1933
1025641,11396,19,143606,5,96
1026811,11409,2,907687,2,77
1027261,11414,41,64364,2,67
1027891,11421,2,15542,5,78
1029601,11440,7,82619,7,70
1030681,11452,17,354408,3,20
1031761,11464,17,987150,10,213
1032391,11471,3,165964,3,44
1032571,11473,7,152688,2,54
1032751,11475,3,990974,5,58
1032841,11476,7,531007,5,63
1034101,11490,2,1711,3,63
1034281,11492,7,666765,3,9
1034731,11497,2,296175,5,47
1035451,11505,3,966788,3,57
1035631,11507,7,556723,6,122
1036261,11514,2,108101,2,19
1036531,11517,17,747607,3,258
1038421,11538,7,517897,10,276
1038601,11540,13,152866,2,55
1038691,11541,2,522971,2,12
1039681,11552,7,611269,2,1004
1040311,11559,3,922864,3,45
1040581,11562,17,318447,4,62
1040671,11563,11,383817,4,1248
1041121,11568,17,107120,6,25
1043191,11591,3,278866,3,135
1044091,11601,11,135481,6,30
1044181,11602,11,264777,5,29
1044271,11603,3,196859,2,156
1044811,11609,2,613909,2,564
1045081,11612,29,946296,4,21
1045621,11618,7,47656,3,7
1045801,11620,61,799947,7,51
1045981,11622,2,772837,6,49
1046701,11630,2,895049,6,47
1047061,11634,17,768745,2,38
1047691,11641,3,363963,5,163
1047961,11644,7,540704,2,167
1048051,11645,3,388149,5,19
1048681,11652,19,621902,3,95
1049131,11657,3,574941,8,131
1049941,11666,23,174282,2,195
1050031,11667,3,985395,3,8
1051471,11683,3,977340,5,13
1052281,11692,11,389166,2,26
1052551,11695,3,900098,3,123
1052731,11697,3,618951,2,337
1053181,11702,2,896102,6,25
1053271,11703,13,404018,2,93
1053361,11704,43,789199,2,1280
1053991,11711,7,60788,5,128
1054441,11716,7,84985,3,204
1054531,11717,7,408508,3,39
1054621,11718,43,638180,2,11
1055251,11725,7,343125,5,47
1055611,11729,2,73121,10,109
1055881,11732,11,461776,2,23
1056061,11734,7,839366,2,311
1056241,11736,17,943290,3,53
1057051,11745,2,516708,3,6
1057681,11752,19,775048,4,9
1057951,11755,13,551635,6,285
1058041,11756,43,576444,3,104
1058221,11758,13,772997,2,106
1059571,11773,13,298352,2,12
1059931,11777,2,806111,3,33
1060021,11778,11,86228,7,379
1060201,11780,47,454153,4,101
1061911,11799,3,913482,2,5
1062361,11804,7,66556,2,51
1063351,11815,7,836131,2,116
1063441,11816,13,800997,2,99
1063891,11821,2,407965,2,39
1064341,11826,13,1004052,2,369
1064431,11827,3,573970,5,12
1064521,11828,11,921282,3,26
1065331,11837,3,226912,2,98
1065601,11840,23,593323,4,46
1066141,11846,2,748651,6,14
1066231,11847,11,938837,3,44
1066411,11849,3,965348,4,200
1067221,11858,17,406089,4,1114
1067491,11861,2,339826,4,46
1067761,11864,13,272107,5,32
1068481,11872,11,940187,11,51
1068751,11875,3,505931,4,379
1069561,11884,7,474493,2,39
1069741,11886,23,846541,7,8
1069921,11888,7,1023650,4,39
1070011,11889,3,649354,2,146
1071451,11905,3,778818,3,1430
1071541,11906,2,661297,2,59
1071991,11911,3,323810,2,44
1072801,11920,13,935608,3,140
1073791,11931,3,764072,5,182
1074511,11939,3,925383,7,124
1074691,11941,47,846978,6,86
1075141,11946,13,698097,4,83
1075681,11952,7,632647,3,201
1075771,11953,7,1065890,2,268
1077301,11970,67,749143,6,254
1079011,11989,3,663105,5,175
1079101,11990,2,924109,3,58
1079461,11994,13,3380,2,176
1079821,11998,2,485505,2,574
1080091,12001,3,663921,3,85
1080271,12003,3,516874,2,45
1080451,12005,3,812603,7,122
1080811,12009,2,184042,2,159
1080901,12010,2,185734,5,72
1081351,12015,13,802712,5,48
1081441,12016,17,406384,2,11
1081711,12019,3,1047700,3,117
1081981,12022,23,921131,2,19
1082881,12032,11,687066,5,66
1082971,12033,2,655559,3,501
1083151,12035,3,183943,3,23
1083241,12036,7,360771,3,443
1083601,12040,31,628967,4,12
1083871,12043,3,95877,3,269
1084051,12045,2,35207,2,60
1086301,12070,2,331377,4,15
1086391,12071,3,632346,2,74
1086931,12077,19,270810,3,52
1087291,12081,3,536449,6,54
1087381,12082,2,1081222,2,111
1087561,12084,7,738487,3,18
1087741,12086,2,813237,2,7
1088371,12093,17,1007984,5,93
1089091,12101,47,462577,2,15
1090711,12119,19,455298,2,71
1090891,12121,19,669012,3,12
1091071,12123,11,424698,2,33
1091161,12124,13,94351,3,19
1091521,12128,23,885210,3,46
1092241,12136,11,739179,2,96
1092331,12137,7,330328,2,485
1092601,12140,7,856978,2,51
1093681,12152,37,384089,4,168
1093951,12155,3,936509,6,219
1094131,12157,2,812973,2,27
1094671,12163,7,687988,7,15
1095481,12172,11,67840,5,27
1095751,12175,3,173401,6,20
1096201,12180,11,10061,3,86
1096561,12184,13,112721,3,157
1096741,12186,2,997899,4,157
1098631,12207,3,662884,3,9
1099081,12212,41,281959,8,222
1099171,12213,2,31255,2,34
1099261,12214,2,858175,4,195
1099621,12218,2,1036586,2,56
1100161,12224,11,992961,2,115
1100611,12229,13,1052462,2,73
1101421,12238,2,874075,2,838
1101511,12239,31,618188,2,17
1102411,12249,2,358799,2,31
1102861,12254,17,985243,2,188
1102951,12255,3,87329,3,169
1103041,12256,23,233277,2,8
1103581,12262,7,462621,5,93
1104661,12274,11,283307,4,223
1104751,12275,13,766548,5,20
1105201,12280,7,352071,5,70
1105651,12285,3,1105001,8,249
1107811,12309,2,555526,2,20
1108171,12313,3,431567,2,20
1108711,12319,7,569794,2,50
1108801,12320,19,437506,2,406
1109161,12324,29,1026983,4,112
1109431,12327,11,68441,2,69
1109611,12329,2,534515,2,32
1109791,12331,7,703359,4,101
1109881,12332,13,192773,6,203
1112131,12357,13,1066035,2,45
1112581,12362,59,212693,2,944
1112941,12366,2,591297,4,23
1113751,12375,13,728026,4,43
1114111,12379,3,772345,3,181
1114381,12382,13,607587,2,63
1115551,12395,17,1022283,3,61
1115731,12397,2,545249,4,266
1116631,12407,3,134185,2,50
1119241,12436,11,491350,3,43
1119871,12443,11,325012,3,69
1120501,12450,11,960649,4,9
1120591,12451,19,102603,2,15
1121671,12463,13,260992,2,75
1122571,12473,3,905924,2,88
1122841,12476,29,515556,2,152
1123561,12484,7,23874,2,46
1123651,12485,3,724480,3,38
1123741,12486,2,177042,4,402
1124551,12495,7,369945,4,84
1125001,12500,7,93368,4,23
1125361,12504,11,336488,3,110
1125811,12509,7,264284,3,33
1126441,12516,47,1028791,5,195
1127701,12530,37,75615,7,18
1127881,12532,7,248521,3,125
1128601,12540,29,1081684,3,169
1128781,12542,2,889919,3,13
1129501,12550,11,23619,3,95
1130581,12562,31,779941,3,191
1131751,12575,11,586656,2,225
1133191,12591,3,141628,3,27
1133551,12595,3,728588,3,106
1133731,12597,2,689820,2,191
1134541,12606,13,1132913,3,42
1134811,12609,3,1098870,3,38
1135081,12612,7,788240,3,120
1135171,12613,2,498509,2,23
1135531,12617,3,49497,3,15
1135711,12619,3,481929,4,59
1135891,12621,2,850680,2,24
1137781,12642,2,29664,2,1043
1138141,12646,2,202059,3,8
1138681,12652,7,591226,3,52
1138771,12653,23,684883,2,122
1139041,12656,11,432091,7,32
1139491,12661,2,729277,3,229
1139851,12665,3,408793,3,23
1140121,12668,13,185297,4,30
1140571,12673,2,1105018,5,151
1142191,12691,13,557509,2,86
1144081,12712,19,1095991,2,182
1144981,12722,11,997417,5,10
1145611,12729,3,978420,6,87
1145971,12733,2,102473,3,6
1146331,12737,7,1119361,2,228
1146421,12738,19,465915,3,138
1147231,12747,3,1083955,2,25
1147591,12751,3,764538,2,13
1148311,12759,79,539936,2,160
1148761,12764,7,832923,4,144
1148941,12766,2,910374,2,109
1150561,12784,31,915432,5,15
1150651,12785,3,353324,2,248
1150921,12788,13,195983,4,36
1151911,12799,13,133681,3,213
1152091,12801,3,1126297,5,7
1152631,12807,3,456715,2,40
1153171,12813,3,16621,2,88
1153261,12814,2,1112387,2,103
1153441,12816,23,164523,7,62
1153531,12817,2,911690,3,18
1153891,12821,2,973183,3,764
1154431,12827,3,1089154,7,21
1154971,12833,3,109092,2,25
1155061,12834,2,693852,3,119
1155151,12835,47,563467,6,124
1155961,12844,17,283422,8,166
1156591,12851,7,155837,3,112
1156681,12852,37,800122,2,65
1157131,12857,31,419441,4,43
1157851,12865,2,928934,6,65
1158121,12868,31,104716,4,264
1158481,12872,19,247126,4,107
1159201,12880,11,965206,5,16
1160371,12893,2,12752,5,99
1160911,12899,3,706369,2,32
1161001,12900,37,516962,2,121
1161091,12901,19,581886,4,90
1162081,12912,11,94268,4,12
1162981,12922,2,373127,11,28
1163251,12925,47,198121,5,25
1163431,12927,41,488507,3,13
1163521,12928,13,1126227,3,45
1163611,12929,2,423415,2,19
1163791,12931,3,47297,5,48
1164511,12939,59,994457,2,136
1165051,12945,2,730767,2,91
1165951,12955,13,900474,2,283
1166041,12956,11,956738,2,5
1166401,12960,7,638842,2,306
1167211,12969,3,88277,2,54
1167391,12971,79,470145,6,14
1167571,12973,3,226494,2,142
1169011,12989,2,1027034,2,17
1170271,13003,3,10146,2,78
1170361,13004,7,962274,4,166
1170541,13006,2,695186,6,13
1171981,13022,2,227097,4,51
1173511,13039,37,143258,3,274
1173961,13044,7,825683,5,10
1174231,13047,11,31326,4,390
1174681,13052,11,6457,5,180
1174951,13055,3,1066144,2,78
1176031,13067,3,788732,3,288
1176121,13068,19,153408,3,39
1176391,13071,37,371057,2,497
1177201,13080,19,699094,3,10
1177291,13081,2,89849,2,12
1177651,13085,17,416481,2,51
1177741,13086,2,80729,2,21
1177921,13088,7,900918,3,241
1178101,13090,13,366940,3,98
1178371,13093,2,746589,2,59
1178461,13094,13,181266,5,19
1178641,13096,11,362783,5,95
1179901,13110,2,887101,2,384
1179991,13111,7,189239,3,61
1181611,13129,2,865979,5,215
1181701,13130,2,1062295,3,46
1181881,13132,29,695690,5,56
1182421,13138,2,255601,11,120
1182691,13141,2,555684,2,426
1182781,13142,13,537832,2,33
1183411,13149,2,598666,2,36
1183771,13153,3,1087327,3,41
1183951,13155,3,538893,5,11
1184671,13163,29,1146520,4,70
1185661,13174,2,679527,3,15
1186111,13179,29,776391,2,287
1186741,13186,29,771791,2,53
1187551,13195,3,36022,4,91
1187911,13199,3,304627,5,26
1188001,13200,7,11282,3,36
1188361,13204,17,681162,3,43
1188721,13208,11,488551,3,418
1188991,13211,3,657178,6,252
1189801,13220,17,875998,5,7
1190071,13223,7,832603,4,27
1190701,13230,11,864235,2,158
1191601,13240,7,622568,3,168
1191691,13241,19,197920,3,91
1191781,13242,13,580495,6,26
1192951,13255,11,893237,2,42
1193041,13256,7,518486,8,275
1193131,13257,3,1086249,2,50
1193761,13264,19,299373,2,281
1194211,13269,3,1015965,6,20
1195021,13278,2,1062237,2,49
1195291,13281,2,955551,2,236
1195561,13284,23,787586,2,80
1196191,13291,3,249849,2,68
1196281,13292,13,636168,3,179
1196731,13297,19,18244,5,13
1196911,13299,7,340318,4,50
1197181,13302,2,1038225,5,33
1197451,13305,2,1033663,4,170
1197631,13307,3,812028,3,22
1199521,13328,19,41963,3,41
1200061,13334,13,679575,2,937
1201141,13346,11,200669,3,51
1202221,13358,13,1097619,2,97
1203571,13373,17,674139,3,248
1203841,13376,13,1096831,2,13
1203931,13377,2,929583,2,71
1204471,13383,3,263494,4,97
1204561,13384,29,1029097,2,6
1205101,13390,2,938827,4,100
1205731,13397,2,280291,9,192
1206181,13402,13,491366,4,27
1206721,13408,7,190133,2,83
1207351,13415,3,527691,2,8
1207441,13416,19,843711,4,19
1207981,13422,2,1192627,2,78
1208341,13426,29,1131192,2,639
1208521,13428,11,293859,7,56
1208791,13431,3,492577,5,14
1209151,13435,3,291959,2,13
1209781,13442,7,1141838,3,79
1210051,13445,2,886343,5,50
1210411,13449,2,372257,3,1598
1211311,13459,19,1155894,5,131
1211761,13464,7,471195,4,11
1212121,13468,23,760535,4,54
1212931,13477,2,405952,3,89
1213561,13484,7,541840,4,72
1213741,13486,47,869725,2,569
1214371,13493,2,170040,2,92
1214641,13496,31,385382,4,106
1215271,13503,3,551020,2,116
1215451,13505,2,433980,2,131
1215631,13507,3,562761,4,17
1216351,13515,3,954422,7,240
1216441,13516,11,765183,4,385
1217071,13523,7,181878,3,86
1217521,13528,11,736412,2,173
1218421,13538,2,562846,3,15
1218601,13540,11,529907,2,32
1218691,13541,2,345494,2,27
1219861,13554,2,769701,3,6
1220041,13556,53,732365,3,19
1220491,13561,2,686770,2,50
1220761,13564,7,485242,3,98
1222471,13583,41,58172,3,53
1222561,13584,11,202746,2,81
1222831,13587,29,584143,5,125
1223281,13592,7,1103294,2,199
1223731,13597,3,230936,3,93
1224271,13603,3,584695,2,129
1224991,13611,3,503519,9,67
1225261,13614,2,888323,2,8
1225621,13618,2,245433,3,8
1225891,13621,2,1112765,2,55
1225981,13622,31,57633,2,173
1226341,13626,2,31032,3,149
1226611,13629,17,19695,2,234
1227151,13635,3,370934,3,7
1227241,13636,13,442401,4,388
1228501,13650,2,169968,2,66
1228861,13654,11,783328,2,70
1228951,13655,29,250620,3,112
1229131,13657,7,552738,2,103
1229401,13660,61,939131,2,145
1229941,13666,19,600486,2,104
1230391,13671,3,256514,3,53
1230571,13673,2,894261,4,15
1231201,13680,17,955900,4,182
1231831,13687,29,1152928,2,146
1233721,13708,13,890325,2,236
1234351,13715,19,1028460,4,74
1234531,13717,3,693297,6,118
1235251,13725,17,1117659,4,21
1235431,13727,3,318067,2,100
1235701,13730,83,533736,3,46
1235791,13731,3,441232,2,34
1237051,13745,2,624558,2,62
1237231,13747,13,580727,2,258
1237501,13750,2,1217447,2,142
1239481,13772,29,1062242,5,231
1240741,13786,2,492439,2,365
1240831,13787,7,484477,5,3319
1241551,13795,3,872092,2,5
1242001,13800,11,268029,20,63
1242181,13802,2,611772,4,527
1242271,13803,3,449292,4,6
1242361,13804,97,386004,8,34
1242811,13809,3,905795,2,61
1244521,13828,19,868665,7,28
1245421,13838,2,183054,3,67
1245691,13841,2,685404,2,13
1245961,13844,7,856269,4,15
1246501,13850,2,898818,2,11
1246591,13851,3,850660,2,68
1247401,13860,19,169663,4,124
1247581,13862,7,1062268,2,53
1248031,13867,3,513850,2,356
1248211,13869,3,793721,2,78
1249921,13888,29,637233,2,105
1250281,13892,11,732648,3,6
1250461,13894,2,1117544,4,27
1250551,13895,7,926777,3,15
1254061,13934,2,418216,4,8
1254151,13935,3,162517,3,29
1255861,13954,2,1162029,2,70
1256041,13956,11,52817,2,286
1257931,13977,2,1016225,2,21
1258291,13981,2,33325,2,101
1258471,13983,13,469339,6,72
1259191,13991,13,797723,3,318
1259371,13993,3,52158,5,13
1259551,13995,3,898491,7,15
1259821,13998,2,809634,5,114
1260901,14010,7,172315,2,751
1261081,14012,19,236574,5,23
1261171,14013,2,570865,2,37
1261261,14014,2,722468,3,65
1261531,14017,3,804659,3,29
1261801,14020,13,14367,4,457
1261891,14021,2,82590,4,82
1262071,14023,3,836802,2,6
1262881,14032,23,949164,5,71
1263331,14037,11,806695,3,15
1263511,14039,19,113614,4,292
1263961,14044,17,818834,6,59
1264231,14047,23,991582,4,119
1264411,14049,11,178621,3,15
1265041,14056,11,109039,2,51
1265311,14059,37,1050061,3,37
1266751,14075,13,67036,3,181
1266841,14076,37,176017,4,47
1266931,14077,2,501185,2,188
1267381,14082,7,301231,10,389
1267831,14087,3,437378,4,48
1268011,14089,3,256689,2,24
1268461,14094,2,283060,4,14
1268731,14097,7,532187,2,122
1269091,14101,2,1253521,2,24
1270531,14117,2,697052,3,18
1270981,14122,2,731349,4,283
1271161,14124,7,566320,2,23
1271251,14125,2,438493,5,66
1271701,14130,11,80623,2,75
1271791,14131,3,215780,2,52
1271971,14133,2,577232,5,205
1272151,14135,17,951111,2,325
1272421,14138,2,1115620,3,58
1273231,14147,3,120415,2,21
1273411,14149,2,316832,2,71
1273681,14152,7,1212709,3,31
1273771,14153,7,74912,5,95
1274401,14160,13,1152634,2,201
1274851,14165,2,902394,2,24
1275121,14168,19,47457,2,48
1275661,14174,2,851846,6,472
1275751,14175,3,703639,3,236
1277011,14189,2,287127,4,38
1278181,14202,2,404576,2,52
1278631,14207,3,1268539,3,139
1278721,14208,7,900699,5,10
1278811,14209,7,593237,5,69
1279171,14213,2,32731,2,161
1280161,14224,17,468951,5,60
1280431,14227,11,1194002,3,33
1280791,14231,3,104384,3,363
1281331,14237,2,966498,3,328
1281781,14242,2,158301,5,218
1281961,14244,11,1023486,3,271
1282231,14247,3,1202976,5,79
1282681,14252,19,299087,2,482
1282951,14255,31,149241,6,37
1283941,14266,11,109608,2,113
1284211,14269,3,602267,2,40
1284301,14270,2,1277508,5,50
1284841,14276,11,806651,2,65
1284931,14277,2,1113239,2,54
1285021,14278,7,988395,2,161
1285381,14282,2,724239,2,89
1285741,14286,11,1204343,3,103
1286371,14293,3,755503,2,83
1286821,14298,17,880274,4,31
1288891,14321,3,574047,2,24
1289341,14326,17,865533,4,196
1289881,14332,7,163127,7,54
1289971,14333,2,1037083,4,11
1291861,14354,2,913426,4,109
1292491,14361,3,986184,2,270
1293031,14367,19,1291049,4,56
1294021,14378,53,399683,2,568
1294471,14383,3,377532,3,51
1294651,14385,2,641233,2,5
1296721,14408,7,212679,7,142
1297171,14413,7,116982,2,81
1298611,14429,23,1139657,5,13
1299061,14434,2,351811,2,5
1299601,14440,11,577198,2,67
1300051,14445,2,350315,4,943
1300141,14446,23,171820,9,164
1300501,14450,7,968949,2,40
1300681,14452,11,864933,4,49
1300771,14453,2,388599,2,32
1301221,14458,2,200258,4,21
1301581,14462,23,1290793,5,32
1301851,14465,2,158586,2,94
1302121,14468,11,96187,4,87
1302391,14471,23,1041401,3,69
1302571,14473,3,884316,2,45
1303741,14486,11,792491,4,334
1304371,14493,2,266335,3,41
1304551,14495,17,500513,11,275
1306351,14515,7,193750,4,15
1307161,14524,17,964343,3,16
1307431,14527,3,531449,2,63
1308331,14537,2,808323,3,211
1308691,14541,17,829066,3,258
1309411,14549,3,139593,2,37
1309501,14550,2,828398,7,68
1309591,14551,3,614022,2,107
1310041,14556,11,415265,4,64
1310311,14559,3,229469,3,32
1310851,14565,2,62040,4,29
1311031,14567,3,688250,4,18
1311481,14572,11,194775,3,35
1312471,14583,3,491010,2,12
1312561,14584,19,210985,4,276
1312921,14588,41,785270,3,48
1313371,14593,2,308810,2,36
1313911,14599,7,759052,7,29
1314361,14604,17,331234,4,77
1314451,14605,3,507844,3,37
1315081,14612,23,932591,3,156
1315441,14616,37,921313,4,111
1315801,14620,19,1040643,6,17
1315891,14621,2,1046148,3,1023
1316251,14625,2,1013354,2,5
1316431,14627,3,643301,3,26
1316971,14633,3,90702,6,94
1317961,14644,29,75038,5,578
1318411,14649,2,973015,2,48
1318861,14654,13,487748,3,69
1320391,14671,7,868337,2,21
1320931,14677,2,690822,4,186
1322011,14689,2,1010977,2,12
1322281,14692,19,1123926,2,8
1322641,14696,7,955039,3,21
1322731,14697,2,1118540,2,21
1323001,14700,37,1307459,2,79
1323541,14706,2,1174903,3,128
1324261,14714,19,1281052,2,298
1324441,14716,7,756126,2,28
1324621,14718,2,534053,2,89
1325251,14725,2,1211419,5,165
1325521,14728,13,734146,4,87
1325791,14731,11,717794,4,27
1326151,14735,29,104568,2,5
1326511,14739,3,1205410,4,264
1326781,14742,2,764838,6,14
1327231,14747,3,965849,3,28
1328671,14763,7,615475,2,95
1330831,14787,17,734277,5,148
1331821,14798,2,745604,2,13
1332631,14807,3,1094623,3,65
1333261,14814,11,1311450,6,232
1333621,14818,2,130011,2,86
1334881,14832,13,36082,4,27
1335241,14836,37,1037569,2,42
1335331,14837,2,691652,2,60
1335781,14842,11,530194,2,65
1336141,14846,67,429126,3,241
1336861,14854,19,1323452,2,115
1337671,14863,29,12719,5,85
1337851,14865,2,831373,2,30
1338391,14871,3,245105,2,9
1338481,14872,17,1147453,4,26
1338661,14874,2,665431,2,78
1338751,14875,7,567382,2,8
1339111,14879,7,539761,2,44
1339381,14882,2,803156,2,97
1340011,14889,2,1068677,2,118
1342261,14914,2,1271571,2,63
1342531,14917,7,471893,3,45
1343071,14923,3,806230,3,142
1343161,14924,29,599089,5,154
1343431,14927,3,541430,3,51
1343791,14931,13,926608,4,160
1344151,14935,3,18193,2,6
1344781,14942,23,1240595,5,1028
1345051,14945,3,670633,2,179
1345231,14947,37,363560,2,407
1345951,14955,3,22336,2,28
1346311,14959,7,323006,4,26
1346491,14961,3,395819,4,17
1347211,14969,2,123106,2,35
1347391,14971,3,817353,2,37
1348111,14979,3,3920,2,35
1348381,14982,2,252398,5,232
1348561,14984,31,69128,5,16
1351171,15013,3,370924,2,35
1351621,15018,2,129114,2,58
1351711,15019,7,1124143,4,48
1352521,15028,29,1299266,3,24
1352881,15032,7,1300651,4,132
1354321,15048,13,715533,3,157
1354501,15050,2,117364,2,83
1355131,15057,2,706458,2,26
1355401,15060,7,1227468,4,14
1355941,15066,2,299089,2,5
1356571,15073,2,1103114,4,43
1357561,15084,11,1278567,2,153
1358281,15092,29,116687,2,234
1358821,15098,2,24072,3,41
1359091,15101,2,209682,4,51
1359181,15102,2,401548,2,148
1359361,15104,7,312588,3,156
1359901,15110,2,1318160,2,73
1360171,15113,7,1078073,2,45
1360441,15116,23,1222952,2,39
1360531,15117,2,1069762,2,31
1360981,15122,2,1039131,2,89
1361431,15127,3,1081121,2,188
1362421,15138,17,1165013,5,131
1363051,15145,3,1135728,3,176
1363321,15148,13,958005,5,46
1363771,15153,13,656466,5,10
1364221,15158,2,313417,2,11
1364401,15160,7,470147,2,82
1364761,15164,11,523344,4,17
1366021,15178,17,486241,3,71
1366471,15183,3,809652,2,37
1367101,15190,2,48497,5,230
1367461,15194,2,61196,3,229
1368181,15202,2,239420,4,37
1368271,15203,3,567096,2,21
1368811,15209,13,1333966,2,78
1369801,15220,7,1254138,2,13
1370431,15227,31,959514,6,29
1370521,15228,19,790296,2,52
1370701,15230,2,949389,4,26
1371061,15234,7,1031993,5,103
1371151,15235,11,1147773,3,156
1371511,15239,13,1217409,2,351
1372051,15245,3,659716,2,38
1372411,15249,2,540127,2,31
1372771,15253,3,7392,3,53
1372951,15255,3,578038,8,177
1373041,15256,7,277459,2,15
1373851,15265,13,1001449,4,78
1374211,15269,2,441774,5,90
1374481,15272,17,122911,2,230
1375021,15278,13,362679,4,170
1376191,15291,3,163272,3,98
1377451,15305,3,671731,3,355
1377811,15309,2,199930,2,8
1378081,15312,7,1160202,5,116
1378441,15316,19,820150,3,177
1379251,15325,2,432103,2,25
1380241,15336,13,1263846,4,48
1381141,15346,2,5679,6,26
1381231,15347,11,873171,2,12
1383121,15368,59,359710,4,494
1384561,15384,11,884779,4,105
1384741,15386,2,1284828,2,238
1384921,15388,7,386414,6,18
1385191,15391,17,916427,5,63
1386271,15403,59,116576,4,192
1386361,15404,37,263842,2,5
1386631,15407,11,1278570,2,570
1386811,15409,2,560951,7,108
1386901,15410,2,721780,4,60
1386991,15411,7,558525,2,79
1387801,15420,11,330233,5,38
1388161,15424,13,214779,2,195
1388701,15430,2,393435,5,78
1388791,15431,17,206048,4,47
1389511,15439,7,414356,4,130
1391041,15456,29,549460,5,66
1392481,15472,7,17245,4,72
1393471,15483,19,744166,2,40
1393921,15488,31,650664,2,252
1395181,15502,11,1197736,4,56
1397161,15524,7,1324909,2,134
1397521,15528,7,1151149,4,6
1397881,15532,17,727150,2,215
1398421,15538,2,167139,4,88
1398871,15543,11,1098277,3,132
1399231,15547,3,495324,3,75
1399861,15554,2,167730,5,21
1400941,15566,2,161554,2,40
1401031,15567,7,195641,4,136
1401571,15573,2,854529,3,137
1403461,15594,2,737820,9,15
1403641,15596,11,1244033,2,13
1404181,15602,41,1110454,4,233
1404811,15609,7,274017,3,230
1405171,15613,11,309334,2,51
1405351,15615,17,760623,3,16
1405801,15620,17,1238227,4,89
1406071,15623,7,746636,4,158
1406161,15624,23,164402,2,128
1406521,15628,11,295884,3,100
1408411,15649,2,921249,4,184
1409041,15656,41,888444,14,120
1409491,15661,2,1378758,2,304
1409581,15662,2,78301,2,15
1409851,15665,2,352138,2,44
1410301,15670,11,645684,5,96
1410571,15673,13,378398,2,178
1411021,15678,2,248995,2,12
1411471,15683,3,238663,2,5
1411831,15687,3,558000,2,49
1412011,15689,2,347772,2,69
1412641,15696,7,1341193,2,6
1412911,15699,3,488741,3,16
1413001,15700,13,1322849,3,818
1413271,15703,3,740291,4,159
1413361,15704,7,688828,2,354
1413541,15706,2,294991,2,32
1413991,15711,19,92941,2,19
1414081,15712,43,759903,2,40
1414261,15714,17,1377706,3,184
1414801,15720,17,1271645,3,12
1415341,15726,2,44109,4,99
1415611,15729,2,1301361,2,20
1416061,15734,2,1403019,3,30
1416601,15740,11,686706,2,211
1416691,15741,11,230146,2,1524
1416871,15743,11,463091,5,69
1418581,15762,2,1191819,5,66
1420291,15781,2,1152706,5,140
1420561,15784,11,756810,4,31
1421011,15789,2,1219782,2,33
1421461,15794,7,1391001,4,116
1421731,15797,3,596245,3,56
1421911,15799,29,1378563,2,5
1422541,15806,2,1397976,8,224
1422721,15808,29,765192,2,377
1422991,15811,11,147253,2,23
1423711,15819,11,635169,3,16
1424431,15827,3,1358533,3,7
1424701,15830,13,704436,3,84
1424881,15832,19,836108,6,183
1425601,15840,59,986746,2,10
1426141,15846,29,160523,5,6
1426951,15855,3,123035,3,211
1427401,15860,7,505988,3,123
1427851,15865,3,1039023,5,46
1428751,15875,7,87321,3,181
1429201,15880,17,800568,4,33
1429651,15885,11,600744,4,165
1430281,15892,13,107479,4,203
1430641,15896,17,147418,3,152
1431361,15904,31,829957,2,10
1431721,15908,13,795535,5,18
1432351,15915,3,855575,3,308
1432531,15917,2,1208052,5,70
1432621,15918,2,148540,5,79
1432801,15920,7,308694,3,53
1433251,15925,2,63750,2,48
1434421,15938,59,201317,3,108
1435501,15950,2,769019,4,85
1436131,15957,2,1319962,2,45
1436221,15958,7,411956,4,133
1436311,15959,7,1066679,5,30
1437301,15970,2,1374196,2,46
1437391,15971,7,1365412,2,91
1437481,15972,7,21338,3,33
1437841,15976,41,706569,5,122
1438291,15981,2,1389684,2,104
1438831,15987,3,1286116,2,28
1439371,15993,19,1244443,3,90
1440811,16009,17,728665,3,62
1441081,16012,59,252848,2,78
1441351,16015,17,294226,2,63
1441981,16022,11,568311,2,44
1442341,16026,2,376979,3,82
1442971,16033,17,18788,11,34
1443151,16035,3,985347,2,5
1443331,16037,17,500879,5,132
1443781,16042,2,150535,10,110
1443961,16044,19,1015039,2,447
1444411,16049,2,366965,2,43
1444501,16050,2,383835,2,216
1445401,16060,17,262117,2,79
1445581,16062,2,801540,4,85
1445671,16063,3,1199054,3,948
1446301,16070,7,148051,2,681
1447291,16081,3,713043,2,61
1447471,16083,17,71157,4,377
1448371,16093,7,849614,2,378
1449001,16100,13,491407,2,262
1449271,16103,3,1389776,5,33
1449361,16104,19,846269,2,5
1450531,16117,2,467471,2,35
1450711,16119,3,678992,2,141
1452421,16138,7,539981,3,10
1452511,16139,3,1224461,3,111
1452961,16144,29,297145,2,103
1453321,16148,37,363539,2,43
1453681,16152,29,479190,2,463
1454851,16165,2,968424,3,501
1454941,16166,2,733211,5,123
1455031,16167,3,531563,2,113
1455121,16168,7,1394482,4,22
1455211,16169,2,476030,2,28
1455301,16170,2,745888,4,39
1455661,16174,41,989537,5,23
1456381,16182,2,1104507,7,71
1456561,16184,11,820188,3,190
1456921,16188,59,1138729,2,13
1457011,16189,53,332864,2,177
1457821,16198,11,1148271,2,22
1458631,16207,13,1388787,2,18
1459261,16214,2,567700,2,100
1459891,16221,2,308970,2,14
1460341,16226,17,482376,3,456
1460971,16233,2,1243693,6,60
1461511,16239,3,1005628,5,144
1461781,16242,2,1284208,2,64
1462861,16254,29,1049314,3,45
1463221,16258,2,291618,2,224
1463491,16261,17,204633,2,85
1464481,16272,11,1256009,5,64
1464751,16275,7,15353,2,23
1465021,16278,2,376763,3,51
1466191,16291,3,1394233,2,22
1466371,16293,2,1238629,7,90
1466461,16294,7,262393,5,84
1466821,16298,2,285585,2,9
1466911,16299,61,572007,4,23
1467001,16300,11,266437,5,326
1469161,16324,13,781530,3,144
1469341,16326,17,268307,3,171
1470151,16335,7,1180841,2,46
1470241,16336,7,909622,5,33
1471321,16348,17,1109589,5,160
1471411,16349,13,773666,2,47
1471681,16352,59,1182425,3,24
1472491,16361,2,1086914,5,70
1473391,16371,3,863988,4,99
1473841,16376,11,1269107,2,29
1474021,16378,7,1038021,3,18
1475281,16392,13,1253052,2,75
1475731,16397,3,778964,6,25
1476001,16400,13,838570,4,26
1477621,16418,2,88374,2,233
1477711,16419,7,1144738,3,343
1478161,16424,7,148695,2,37
1478251,16425,13,10037,3,141
1478611,16429,2,104036,2,50
